34
NM_000546_6_Homo_sapiens_tumor_protein_p53_TP53_transcript_variant_1_mRNA                                  0.0000000 0.0025544 0.0228123 0.0237699 0.0210662 0.0227928 0.0227928 0.0374941 0.0374941 0.0378208 0.0378166 0.0407584 0.0387659 0.0369244 0.0397038 0.0407016 0.0369368 0.0407016 0.0388046 0.0340530 0.0406139 0.0798856 0.0793218 0.1269264 0.0826958 0.1277669 0.1295822 0.1018112 0.1207536 0.1131329 0.1233118 0.1066932 0.1669334 0.1802110 
XM_063700589_1_PREDICTED_Gorilla_gorilla_gorilla_tumor_protein_p53_TP53_transcript_variant_X1_mRNA         0.0025544 0.0000000 0.0255167 0.0264864 0.0237671 0.0254947 0.0254947 0.0403574 0.0403574 0.0406395 0.0406350 0.0436020 0.0526585 0.0397411 0.0425336 0.0435410 0.0397545 0.0546529 0.0416322 0.0368475 0.0434466 0.0830632 0.0824337 0.1304606 0.0858367 0.1312967 0.1307283 0.1051262 0.1242352 0.1165491 0.1268148 0.1100822 0.1707224 0.1814658 
XM_030800485_1_PREDICTED_Nomascus_leucogenys_tumor_protein_p53_TP53_mRNA                                   0.0228123 0.0255167 0.0000000 0.0077226 0.0068584 0.0264483 0.0264483 0.0634729 0.0634729 0.0407045 0.0416588 0.0427289 0.0416572 0.0388693 0.0416629 0.0417057 0.0379277 0.0417057 0.0416991 0.0350316 0.0416155 0.0789898 0.0784452 0.1296566 0.0850074 0.1304961 0.1358671 0.1073868 0.1242395 0.1180459 0.1307591 0.1123484 0.1706309 0.1856124 
XM_055256596_2_PREDICTED_Symphalangus_syndactylus_tumor_protein_p53_TP53_transcript_variant_X1_mRNA        0.0237699 0.0264864 0.0077226 0.0000000 0.0060085 0.0265180 0.0265180 0.0636585 0.0636585 0.0417559 0.0436582 0.0447409 0.0427133 0.0408529 0.0436624 0.0427631 0.0389674 0.0427631 0.0427564 0.0360554 0.0426702 0.0800191 0.0786795 0.1300517 0.0863042 0.1297347 0.1363284 0.1088268 0.1254004 0.1191912 0.1319378 0.1134830 0.1718925 0.1869073 
XM_032139337_3_PREDICTED_Hylobates_moloch_tumor_protein_p53_TP53_mRNA                                      0.0210662 0.0237671 0.0068584 0.0060085 0.0000000 0.0256044 0.0256044 0.0606003 0.0606003 0.0398617 0.0408054 0.0437866 0.0408151 0.0399076 0.0417607 0.0418140 0.0380255 0.0418140 0.0408561 0.0351212 0.0417233 0.0802633 0.0776246 0.1312357 0.0862905 0.1309151 0.1363051 0.1077125 0.1257767 0.1183822 0.1311422 0.1103682 0.1725096 0.1875935 
XM_002826974_6_PREDICTED_Pongo_abelii_tumor_protein_p53_TP53_mRNA                                          0.0227928 0.0254947 0.0264483 0.0265180 0.0256044 0.0000000 0.0008493 0.0562522 0.0562522 0.0406677 0.0444639 0.0436336 0.0416195 0.0416643 0.0425633 0.0416678 0.0378936 0.0416678 0.0416612 0.0368728 0.0415778 0.0788458 0.0760337 0.1211038 0.0762503 0.1208149 0.1257288 0.1008584 0.1233354 0.1148250 0.1250923 0.1102877 0.1621106 0.1752956 
XM_054457336_2_PREDICTED_Pongo_pygmaeus_tumor_protein_p53_TP53_mRNA                                        0.0227928 0.0254947 0.0264483 0.0265180 0.0256044 0.0008493 0.0000000 0.0562522 0.0562522 0.0406677 0.0444639 0.0436336 0.0416195 0.0416643 0.0425633 0.0416678 0.0378936 0.0416678 0.0416612 0.0368728 0.0415778 0.0788458 0.0760337 0.1211038 0.0762503 0.1208149 0.1257288 0.1008584 0.1233354 0.1148250 0.1250923 0.1102877 0.1621106 0.1752956 
XM_016931470_3_PREDICTED_Pan_troglodytes_tumor_protein_p53_TP53_transcript_variant_X1_mRNA                 0.0374941 0.0403574 0.0634729 0.0636585 0.0606003 0.0562522 0.0562522 0.0000000 0.0016266 0.0787536 0.0808696 0.0843355 0.0798239 0.0799203 0.0808761 0.0807382 0.0765251 0.0807382 0.0799139 0.0765790 0.0805435 0.0881923 0.1203948 0.1372116 0.1227862 0.1356226 0.1813392 0.1442207 0.1686972 0.1571840 0.1708102 0.1531484 0.2112878 0.2261863 
XM_057300362_2_PREDICTED_Pan_paniscus_tumor_protein_p53_TP53_transcript_variant_X1_mRNA                    0.0374941 0.0403574 0.0634729 0.0636585 0.0606003 0.0562522 0.0562522 0.0016266 0.0000000 0.0787536 0.0808696 0.0843355 0.0798239 0.0799203 0.0808761 0.0807382 0.0765251 0.0807382 0.0799139 0.0765790 0.0805435 0.0881923 0.1203948 0.1372116 0.1227862 0.1356226 0.1813392 0.1442207 0.1686972 0.1571840 0.1708102 0.1531484 0.2112878 0.2261863 
NM_001047151_2_Macaca_mulatta_tumor_protein_p53_TP53_mRNA                                                  0.0378208 0.0406395 0.0407045 0.0417559 0.0398617 0.0406677 0.0406677 0.0787536 0.0787536 0.0000000 0.0085947 0.0094883 0.0008501 0.0077365 0.0068624 0.0218950 0.0183206 0.0218950 0.0008509 0.0138592 0.0182798 0.0523616 0.0806105 0.1350470 0.0882804 0.1358071 0.1356949 0.1103598 0.1206883 0.1160181 0.1235625 0.1054691 0.1624674 0.1744458 
XM_003912272_5_PREDICTED_Papio_anubis_tumor_protein_p53_TP53_mRNA                                          0.0378166 0.0406350 0.0416588 0.0436582 0.0408054 0.0444639 0.0444639 0.0808696 0.0808696 0.0085947 0.0000000 0.0077299 0.0094647 0.0059916 0.0017014 0.0236923 0.0201042 0.0236923 0.0094734 0.0173926 0.0218479 0.0532175 0.0816520 0.1338175 0.0893382 0.1345797 0.1368890 0.1103794 0.1231951 0.1208336 0.1284756 0.1078836 0.1637767 0.1757857 
XM_011994540_1_PREDICTED_Mandrillus_leucophaeus_tumor_protein_p53_TP53_transcript_variant_X1_mRNA          0.0407584 0.0436020 0.0427289 0.0447409 0.0437866 0.0436336 0.0436336 0.0843355 0.0843355 0.0094883 0.0077299 0.0000000 0.0103625 0.0042821 0.0077306 0.0246609 0.0210557 0.0246609 0.0103721 0.0183291 0.0228056 0.0553651 0.0840115 0.1367207 0.0896162 0.1374801 0.1373661 0.1118521 0.1220958 0.1212522 0.1265384 0.1082461 0.1668828 0.1776337 
XM_050765346_1_PREDICTED_Macaca_thibetana_thibetana_tumor_protein_p53_TP53_transcript_variant_X1_mRNA      0.0387659 0.0526585 0.0416572 0.0427133 0.0408151 0.0416195 0.0416195 0.0798239 0.0798239 0.0008501 0.0094647 0.0103625 0.0000000 0.0086057 0.0077288 0.0227965 0.0192147 0.0398089 0.0017036 0.0147419 0.0191718 0.0533606 0.0816681 0.1362778 0.0893583 0.1370356 0.1369223 0.1115106 0.1218723 0.1159990 0.1235421 0.1066160 0.1637610 0.1757688 
XM_012052423_1_PREDICTED_Cercocebus_atys_tumor_protein_p53_TP53_transcript_variant_X1_mRNA                 0.0369244 0.0397411 0.0388693 0.0408529 0.0399076 0.0416643 0.0416643 0.0799203 0.0799203 0.0077365 0.0059916 0.0042821 0.0086057 0.0000000 0.0059921 0.0228193 0.0192337 0.0228193 0.0086137 0.0165259 0.0209780 0.0532877 0.0796686 0.1340338 0.0873291 0.1347969 0.1346855 0.1093766 0.1210379 0.1186822 0.1239236 0.1080430 0.1639971 0.1760274 
XM_025363515_1_PREDICTED_Theropithecus_gelada_tumor_protein_p53_TP53_transcript_variant_X1_mRNA            0.0397038 0.0425336 0.0416629 0.0436624 0.0417607 0.0425633 0.0425633 0.0808761 0.0808761 0.0068624 0.0017014 0.0077306 0.0077288 0.0059921 0.0000000 0.0236945 0.0201061 0.0236945 0.0077359 0.0173942 0.0218499 0.0532229 0.0795647 0.1338327 0.0893476 0.1345950 0.1369046 0.1114968 0.1232088 0.1185104 0.1261103 0.1078926 0.1624698 0.1744483 
XM_010362387_1_PREDICTED_Rhinopithecus_roxellana_tumor_protein_p53_TP53_mRNA                               0.0407016 0.0435410 0.0417057 0.0427631 0.0418140 0.0416678 0.0416678 0.0807382 0.0807382 0.0218950 0.0236923 0.0246609 0.0227965 0.0228193 0.0236945 0.0000000 0.0086134 0.0000010 0.0228182 0.0183046 0.0191402 0.0594356 0.0881200 0.1376886 0.0852074 0.1384487 0.1456800 0.1128408 0.1329018 0.1269325 0.1369130 0.1195963 0.1647392 0.1780467 
XM_033184717_1_PREDICTED_Trachypithecus_francoisi_tumor_protein_p53_TP53_transcript_variant_X1_mRNA        0.0369368 0.0397545 0.0379277 0.0389674 0.0380255 0.0378936 0.0378936 0.0765251 0.0765251 0.0183206 0.0201042 0.0210557 0.0192147 0.0192337 0.0201061 0.0086134 0.0000000 0.0086134 0.0192328 0.0147609 0.0156000 0.0544344 0.0839007 0.1304479 0.0831100 0.1336338 0.1383677 0.1094139 0.1281656 0.1222463 0.1335200 0.1173012 0.1634635 0.1728478 
XM_017850544_1_PREDICTED_Rhinopithecus_bieti_tumor_protein_p53_TP53_transcript_variant_X1_mRNA             0.0407016 0.0546529 0.0417057 0.0427631 0.0418140 0.0416678 0.0416678 0.0807382 0.0807382 0.0218950 0.0236923 0.0246609 0.0398089 0.0228193 0.0236945 0.0000010 0.0086134 0.0000000 0.0228182 0.0183046 0.0191402 0.0594356 0.0881200 0.1376886 0.0852074 0.1384487 0.1456800 0.1128408 0.1329018 0.1269325 0.1369130 0.1195963 0.1647392 0.1780467 
XM_071082299_1_PREDICTED_Macaca_nemestrina_tumor_protein_p53_LOC105473688_mRNA                             0.0388046 0.0416322 0.0416991 0.0427564 0.0408561 0.0416612 0.0416612 0.0799139 0.0799139 0.0008509 0.0094734 0.0103721 0.0017036 0.0086137 0.0077359 0.0228182 0.0192328 0.0228182 0.0000000 0.0147556 0.0191898 0.0534168 0.0817591 0.1364538 0.0894597 0.1372123 0.1370988 0.1116457 0.1220240 0.1173361 0.1249144 0.1067447 0.1639826 0.1760116 
XM_023193314_2_PREDICTED_Piliocolobus_tephrosceles_tumor_protein_p53_TP53_transcript_variant_X1_mRNA       0.0340530 0.0368475 0.0350316 0.0360554 0.0351212 0.0368728 0.0368728 0.0765790 0.0765790 0.0138592 0.0173926 0.0183291 0.0147419 0.0165259 0.0173942 0.0183046 0.0147609 0.0183046 0.0147556 0.0000000 0.0112162 0.0543087 0.0784603 0.1276989 0.0818552 0.1308658 0.1343579 0.1035002 0.1195941 0.1172501 0.1224598 0.1089447 0.1636364 0.1756309 
XM_011958558_1_PREDICTED_Colobus_angolensis_palliatus_tumor_protein_p53_TP53_transcript_variant_X1_mRNA    0.0406139 0.0434466 0.0416155 0.0426702 0.0417233 0.0415778 0.0415778 0.0805435 0.0805435 0.0182798 0.0218479 0.0228056 0.0191718 0.0209780 0.0218499 0.0191402 0.0156000 0.0191402 0.0191898 0.0112162 0.0000000 0.0572927 0.0815771 0.1300578 0.0828882 0.1332298 0.1379504 0.1091070 0.1230737 0.1172220 0.1236055 0.1123508 0.1636375 0.1782419 
XM_008010192_2_PREDICTED_Chlorocebus_sabaeus_tumor_protein_p53_TP53_transcript_variant_X1_mRNA             0.0798856 0.0830632 0.0789898 0.0800191 0.0802633 0.0788458 0.0788458 0.0881923 0.0881923 0.0523616 0.0532175 0.0553651 0.0533606 0.0532877 0.0532229 0.0594356 0.0544344 0.0594356 0.0534168 0.0543087 0.0572927 0.0000000 0.1270151 0.1042368 0.1298599 0.1087310 0.1880106 0.1620418 0.1775881 0.1729367 0.1851775 0.1637930 0.2200608 0.2323512 
XM_002747948_5_PREDICTED_Callithrix_jacchus_tumor_protein_p53_TP53_transcript_variant_X1_mRNA              0.0793218 0.0824337 0.0784452 0.0786795 0.0776246 0.0760337 0.0760337 0.1203948 0.1203948 0.0806105 0.0816520 0.0840115 0.0816681 0.0796686 0.0795647 0.0881200 0.0839007 0.0881200 0.0817591 0.0784603 0.0815771 0.1270151 0.0000000 0.0688125 0.0291018 0.0647555 0.0770555 0.1197160 0.1328901 0.1214786 0.1335987 0.1218341 0.1827661 0.1951607 
XM_032280430_1_PREDICTED_Sapajus_apella_tumor_protein_p53_TP53_transcript_variant_X1_mRNA                  0.1269264 0.1304606 0.1296566 0.1300517 0.1312357 0.1211038 0.1211038 0.1372116 0.1372116 0.1350470 0.1338175 0.1367207 0.1362778 0.1340338 0.1338327 0.1376886 0.1304479 0.1376886 0.1364538 0.1276989 0.1300578 0.1042368 0.0688125 0.0000000 0.0489731 0.0227626 0.1229221 0.1692080 0.1897697 0.1830085 0.1908405 0.1822897 0.2392521 0.2489568 
XM_017531594_2_PREDICTED_Cebus_imitator_tumor_protein_p53_TP53_transcript_variant_X1_mRNA                  0.0826958 0.0858367 0.0850074 0.0863042 0.0862905 0.0762503 0.0762503 0.1227862 0.1227862 0.0882804 0.0893382 0.0896162 0.0893583 0.0873291 0.0893476 0.0852074 0.0831100 0.0852074 0.0894597 0.0818552 0.0828882 0.1298599 0.0291018 0.0489731 0.0000000 0.0637367 0.0793838 0.1208857 0.1365872 0.1285820 0.1385132 0.1277940 0.1788353 0.1898683 
XM_039476036_1_PREDICTED_Saimiri_boliviensis_boliviensis_tumor_protein_p53_TP53_transcript_variant_X1_mRNA 0.1277669 0.1312967 0.1304961 0.1297347 0.1309151 0.1208149 0.1208149 0.1356226 0.1356226 0.1358071 0.1345797 0.1374801 0.1370356 0.1347969 0.1345950 0.1384487 0.1336338 0.1384487 0.1372123 0.1308658 0.1332298 0.1087310 0.0647555 0.0227626 0.0637367 0.0000000 0.1208023 0.1733701 0.1871341 0.1805078 0.1951288 0.1783801 0.2316272 0.2455803 
XM_064378361_1_PREDICTED_Aotus_nancymaae_tumor_protein_p53_TP53_transcript_variant_X1_mRNA                 0.1295822 0.1307283 0.1358671 0.1363284 0.1363051 0.1257288 0.1257288 0.1813392 0.1813392 0.1356949 0.1368890 0.1373661 0.1369223 0.1346855 0.1369046 0.1456800 0.1383677 0.1456800 0.1370988 0.1343579 0.1379504 0.1880106 0.0770555 0.1229221 0.0793838 0.1208023 0.0000000 0.1781353 0.1917664 0.1804304 0.1860085 0.1788841 0.2412467 0.2509459 
XM_008062341_2_PREDICTED_Carlito_syrichta_tumor_protein_p53_TP53_mRNA                                      0.1018112 0.1051262 0.1073868 0.1088268 0.1077125 0.1008584 0.1008584 0.1442207 0.1442207 0.1103598 0.1103794 0.1118521 0.1115106 0.1093766 0.1114968 0.1128408 0.1094139 0.1128408 0.1116457 0.1035002 0.1091070 0.1620418 0.1197160 0.1692080 0.1208857 0.1733701 0.1781353 0.0000000 0.1049366 0.1084583 0.1127625 0.0984528 0.1452877 0.1416904 
XM_012776058_2_PREDICTED_Microcebus_murinus_tumor_protein_p53_TP53_transcript_variant_X1_mRNA              0.1207536 0.1242352 0.1242395 0.1254004 0.1257767 0.1233354 0.1233354 0.1686972 0.1686972 0.1206883 0.1231951 0.1220958 0.1218723 0.1210379 0.1232088 0.1329018 0.1281656 0.1329018 0.1220240 0.1195941 0.1230737 0.1775881 0.1328901 0.1897697 0.1365872 0.1871341 0.1917664 0.1049366 0.0000000 0.0575331 0.0607840 0.0596807 0.1442902 0.1568005 
XM_045570131_1_PREDICTED_Lemur_catta_tumor_protein_p53_TP53_mRNA                                           0.1131329 0.1165491 0.1180459 0.1191912 0.1183822 0.1148250 0.1148250 0.1571840 0.1571840 0.1160181 0.1208336 0.1212522 0.1159990 0.1186822 0.1185104 0.1269325 0.1222463 0.1269325 0.1173361 0.1172501 0.1172220 0.1729367 0.1214786 0.1830085 0.1285820 0.1805078 0.1804304 0.1084583 0.0575331 0.0000000 0.0376014 0.0577219 0.1298467 0.1511211 
XM_069482023_1_PREDICTED_Eulemur_rufifrons_tumor_protein_p53_TP53_transcript_variant_X1_mRNA               0.1233118 0.1268148 0.1307591 0.1319378 0.1311422 0.1250923 0.1250923 0.1708102 0.1708102 0.1235625 0.1284756 0.1265384 0.1235421 0.1239236 0.1261103 0.1369130 0.1335200 0.1369130 0.1249144 0.1224598 0.1236055 0.1851775 0.1335987 0.1908405 0.1385132 0.1951288 0.1860085 0.1127625 0.0607840 0.0376014 0.0000000 0.0599464 0.1498063 0.1655370 
XM_012655616_1_PREDICTED_Propithecus_coquereli_tumor_protein_p53_TP53_mRNA                                 0.1066932 0.1100822 0.1123484 0.1134830 0.1103682 0.1102877 0.1102877 0.1531484 0.1531484 0.1054691 0.1078836 0.1082461 0.1066160 0.1080430 0.1078926 0.1195963 0.1173012 0.1195963 0.1067447 0.1089447 0.1123508 0.1637930 0.1218341 0.1822897 0.1277940 0.1783801 0.1788841 0.0984528 0.0596807 0.0577219 0.0599464 0.0000000 0.1298311 0.1449120 
XM_053569948_1_PREDICTED_Nycticebus_coucang_tumor_protein_p53_TP53_transcript_variant_X1_mRNA              0.1669334 0.1707224 0.1706309 0.1718925 0.1725096 0.1621106 0.1621106 0.2112878 0.2112878 0.1624674 0.1637767 0.1668828 0.1637610 0.1639971 0.1624698 0.1647392 0.1634635 0.1647392 0.1639826 0.1636364 0.1636375 0.2200608 0.1827661 0.2392521 0.1788353 0.2316272 0.2412467 0.1452877 0.1442902 0.1298467 0.1498063 0.1298311 0.0000000 0.0347959 
XM_012806041_2_PREDICTED_Otolemur_garnettii_tumor_protein_p53_TP53_mRNA                                    0.1802110 0.1814658 0.1856124 0.1869073 0.1875935 0.1752956 0.1752956 0.2261863 0.2261863 0.1744458 0.1757857 0.1776337 0.1757688 0.1760274 0.1744483 0.1780467 0.1728478 0.1780467 0.1760116 0.1756309 0.1782419 0.2323512 0.1951607 0.2489568 0.1898683 0.2455803 0.2509459 0.1416904 0.1568005 0.1511211 0.1655370 0.1449120 0.0347959 0.0000000 
