60
NM_001709_5_Homo_sapiens_brain_derived_neurotrophic_factor_BDNF_transcript_variant_4_mRNA                                 0.0000000 0.0082319 0.0054996 0.0879429 0.0573003 0.0605870 0.0572367 0.0622053 0.0523994 0.0507667 0.0573003 0.0573496 0.0640573 0.0601320 0.0561589 0.0597249 0.0568856 0.0684633 0.0649485 0.0577796 0.0540824 0.0504133 0.0718307 0.0701059 0.0701059 0.0597455 0.0808880 0.0944613 0.1100044 0.0948889 0.0933273 0.0952076 0.0952076 0.0952076 0.1010145 0.1107406 0.0152954 0.0620650 0.0575301 0.0587602 0.0892437 0.0880823 0.0938243 0.0980814 0.0974940 0.0851533 0.0591155 0.0944693 0.0997544 0.0844544 0.1709094 0.1803230 0.1837671 0.1736766 0.1713753 0.1485190 0.1421876 0.1476565 0.1581251 0.2543402 
XM_015114598_2_PREDICTED_Macaca_mulatta_brain_derived_neurotrophic_factor_BDNF_transcript_variant_X1_mRNA                 0.0082319 0.0000000 0.0110930 0.0785045 0.2726934 0.0540424 0.0476071 0.0572449 0.0459966 0.0493946 0.0525247 0.0525680 0.0574375 0.0536450 0.1401526 0.0724042 0.2616915 0.0696766 0.0630265 0.3270524 0.0478923 0.0440890 0.0665207 0.0634395 0.0648656 0.1344450 0.1515627 0.1755759 0.1047532 0.0876463 0.0906288 0.0879327 0.3620906 0.0888112 0.0936314 0.1036637 0.2378890 0.0555049 0.0524776 0.1683730 0.3521160 0.3365817 0.0848741 0.2464778 0.2539557 0.0815267 0.2926773 0.2404400 0.2506512 0.3654598 0.1590706 0.1743914 0.1751425 0.1725054 0.2358209 0.1401401 0.1943707 0.1393536 0.1533480 0.2486534 
NM_001012441_1_Pan_troglodytes_brain_derived_neurotrophic_factor_BDNF_mRNA                                                0.0054996 0.0110930 0.0000000 0.0826912 0.0541187 0.0573832 0.0559022 0.0589926 0.0543573 0.0527055 0.0541187 0.0560123 0.0608217 0.0569560 0.0631980 0.0668863 0.0537307 0.0738093 0.0702295 0.0648545 0.0542122 0.0521747 0.0703103 0.0685885 0.0685885 0.0669036 0.0825060 0.0941815 0.1077279 0.0913992 0.0898364 0.0917026 0.0917026 0.0917026 0.0974674 0.1071195 0.0182410 0.0622179 0.0576704 0.0589032 0.0943618 0.0932229 0.0954735 0.0997463 0.0991492 0.0795480 0.0642409 0.0941937 0.0994597 0.0828748 0.1656155 0.1773658 0.1806878 0.1701982 0.1656051 0.1436068 0.1396388 0.1467144 0.1551474 0.2445242 
XM_005654684_3_PREDICTED_Sus_scrofa_brain_derived_neurotrophic_factor_BDNF_transcript_variant_X1_mRNA                     0.0879429 0.0785045 0.0826912 0.0000000 0.0672227 0.0676402 0.0677808 0.0668497 0.0695650 0.0687824 0.0651437 0.0687691 0.0711497 0.0654500 0.0791275 0.0758820 0.0652514 0.1113323 0.1074339 0.0808180 0.0599109 0.0707172 0.0583660 0.0622330 0.0600273 0.0760371 0.1035283 0.1145538 0.1138736 0.0611320 0.0608190 0.0613100 0.0629266 0.0591719 0.0615638 0.0741729 0.0888936 0.0729566 0.0748011 0.0759536 0.1124626 0.1133200 0.1217491 0.1264336 0.1178653 0.0876184 0.0857010 0.1111590 0.1166321 0.1076989 0.1472079 0.1575026 0.1547298 0.1419568 0.1789394 0.1790174 0.1819303 0.1627144 0.1702892 0.2043770 
XM_032414183_1_PREDICTED_Phoca_vitulina_brain_derived_neurotrophic_factor_BDNF_transcript_variant_X6_mRNA                 0.0573003 0.2726934 0.0541187 0.0672227 0.0000000 0.0027174 0.0124451 0.0053150 0.0110525 0.0135170 0.0013209 0.0107574 0.0082312 0.0195570 0.1485593 0.0799124 0.0306162 0.0889967 0.0853501 0.0830813 0.0399726 0.0379574 0.0504229 0.0519055 0.0519981 0.1129674 0.1283331 0.1489731 0.1091546 0.0768518 0.0782401 0.0770921 0.4608575 0.0764878 0.0826133 0.0958853 0.0952396 0.0426315 0.0411537 0.3669428 0.1229473 0.1353059 0.0890431 0.4574777 0.4477083 0.0592692 0.0938652 0.4517085 0.4552378 0.1431403 0.1476376 0.1715609 0.1602769 0.1528813 0.2138293 0.1544054 0.2026505 0.1457376 0.1683404 0.2374022 
XM_021685880_1_PREDICTED_Neomonachus_schauinslandi_brain_derived_neurotrophic_factor_BDNF_transcript_variant_X1_mRNA      0.0605870 0.0540424 0.0573832 0.0676402 0.0027174 0.0000000 0.0124560 0.0013553 0.0110622 0.0124778 0.0027174 0.0096530 0.0082383 0.0195748 0.0659277 0.0661486 0.0167366 0.0936222 0.0898252 0.0675785 0.0380680 0.0379956 0.0503414 0.0519607 0.0519607 0.0661661 0.0735342 0.0891965 0.1109553 0.0733819 0.0753952 0.0736082 0.0736082 0.0736082 0.0790758 0.0972064 0.0639898 0.0426753 0.0411958 0.0395491 0.0878513 0.0886348 0.0927176 0.0933881 0.0941707 0.0593353 0.0647884 0.0855025 0.0907079 0.0896607 0.1487078 0.1710860 0.1618167 0.1514130 0.1625767 0.1587365 0.1540772 0.1499333 0.1737870 0.2351536 
XM_025879326_1_PREDICTED_Callorhinus_ursinus_brain_derived_neurotrophic_factor_BDNF_mRNA                                  0.0572367 0.0476071 0.0559022 0.0677808 0.0124451 0.0124560 0.0000000 0.0138642 0.0040832 0.0054584 0.0124451 0.0054573 0.0181693 0.0239474 0.0659178 0.0661386 0.0210783 0.0936050 0.0863121 0.0675682 0.0365606 0.0379915 0.0550298 0.0566679 0.0566679 0.0661561 0.0791598 0.0878210 0.1112264 0.0771070 0.0791617 0.0773492 0.0773492 0.0773492 0.0828948 0.0974287 0.0606011 0.0442493 0.0411912 0.0411091 0.0878356 0.0888322 0.0891403 0.0897825 0.0905956 0.0661584 0.0682536 0.0856885 0.0874229 0.0971869 0.1465850 0.1706221 0.1616117 0.1607358 0.1630455 0.1569899 0.1568804 0.1486515 0.1725742 0.2413710 
XM_031025064_1_PREDICTED_Leptonychotes_weddellii_brain_derived_neurotrophic_factor_BDNF_transcript_variant_X1_mRNA        0.0622053 0.0572449 0.0589926 0.0668497 0.0053150 0.0013553 0.0138642 0.0000000 0.0124668 0.0134490 0.0039565 0.0107034 0.0096281 0.0210091 0.0672462 0.0692861 0.0190824 0.0918972 0.0882441 0.0688562 0.0397635 0.0395260 0.0501579 0.0535366 0.0517243 0.0674828 0.0726476 0.0877486 0.1067619 0.0750721 0.0743393 0.0753051 0.0766382 0.0726167 0.0807953 0.0953424 0.0653473 0.0442236 0.0427417 0.0445068 0.0869637 0.0912293 0.0927514 0.0941772 0.0949326 0.0609638 0.0661460 0.0864643 0.0915419 0.0869828 0.1428003 0.1663248 0.1570915 0.1478680 0.1638071 0.1607811 0.1551134 0.1519213 0.1713460 0.2352819 
XM_028117708_1_PREDICTED_Eumetopias_jubatus_brain_derived_neurotrophic_factor_BDNF_transcript_variant_X1_mRNA             0.0523994 0.0459966 0.0543573 0.0695650 0.0110525 0.0110622 0.0040832 0.0124668 0.0000000 0.0013565 0.0110525 0.0040892 0.0167573 0.0225205 0.0609372 0.0611374 0.0196565 0.0882177 0.0844752 0.0625706 0.0350054 0.0333997 0.0502615 0.0518778 0.0518778 0.0611574 0.0739463 0.0859461 0.1132607 0.0789119 0.0809847 0.0791617 0.0791617 0.0791617 0.0847392 0.0993504 0.0557169 0.0395795 0.0365507 0.0364791 0.0825251 0.0869678 0.0872667 0.0878933 0.0887213 0.0645785 0.0631950 0.0838634 0.0890616 0.0955240 0.1528656 0.1752176 0.1682194 0.1610708 0.1653754 0.1592906 0.1591773 0.1549042 0.1769618 0.2419895 
XM_027577807_1_PREDICTED_Zalophus_californianus_brain_derived_neurotrophic_factor_BDNF_transcript_variant_X1_mRNA         0.0507667 0.0493946 0.0527055 0.0687824 0.0135170 0.0124778 0.0054584 0.0134490 0.0013565 0.0000000 0.0120732 0.0052962 0.0182020 0.0239917 0.0591473 0.0644335 0.0219701 0.0867972 0.0831889 0.0607297 0.0368232 0.0349491 0.0501321 0.0535080 0.0516975 0.0626642 0.0713020 0.0827818 0.1089684 0.0807271 0.0763161 0.0809847 0.0822023 0.0780579 0.0865942 0.0975221 0.0573302 0.0411592 0.0366768 0.0415224 0.0799991 0.0914048 0.0873058 0.0888279 0.0896266 0.0663089 0.0646655 0.0830658 0.0881140 0.0944134 0.1468008 0.1703284 0.1612951 0.1571663 0.1668059 0.1616053 0.1581867 0.1571624 0.1724486 0.2422114 
XM_036109493_1_PREDICTED_Halichoerus_grypus_brain_derived_neurotrophic_factor_BDNF_transcript_variant_X1_mRNA             0.0573003 0.0525247 0.0541187 0.0651437 0.0013209 0.0027174 0.0124451 0.0039565 0.0110525 0.0120732 0.0000000 0.0093418 0.0082312 0.0195570 0.0623789 0.0643651 0.0176739 0.0866993 0.0830961 0.0639728 0.0382419 0.0379574 0.0485949 0.0519055 0.0501531 0.0625982 0.0692863 0.0842010 0.1065817 0.0768518 0.0760644 0.0770921 0.0783878 0.0743323 0.0826133 0.0935106 0.0605291 0.0426315 0.0411537 0.0429558 0.0834500 0.0876558 0.0890431 0.0905334 0.0913177 0.0592692 0.0612505 0.0829731 0.0880146 0.0851822 0.1445851 0.1681703 0.1569936 0.1496991 0.1575645 0.1544054 0.1489910 0.1457376 0.1649772 0.2374022 
XM_004408653_1_PREDICTED_Odobenus_rosmarus_divergens_brain_derived_neurotrophic_factor_BDNF_transcript_variant_X1_mRNA    0.0573496 0.0525680 0.0560123 0.0687691 0.0107574 0.0096530 0.0054573 0.0107034 0.0040892 0.0052962 0.0093418 0.0000000 0.0153186 0.0210548 0.0657647 0.0677932 0.0191225 0.0903825 0.0867337 0.0673738 0.0398556 0.0380597 0.0501224 0.0534974 0.0516876 0.0659966 0.0747344 0.0900290 0.1108510 0.0807117 0.0798018 0.0809692 0.0821870 0.0780434 0.0865778 0.0975049 0.0605805 0.0411508 0.0381104 0.0415141 0.0871116 0.0950765 0.0929194 0.0943452 0.0951008 0.0594462 0.0646530 0.0902093 0.0953398 0.0888707 0.1423515 0.1655358 0.1565679 0.1524691 0.1600067 0.1547019 0.1536466 0.1504247 0.1698976 0.2358646 
XM_035012477_1_PREDICTED_Mirounga_leonina_brain_derived_neurotrophic_factor_BDNF_mRNA                                     0.0640573 0.0574375 0.0608217 0.0711497 0.0082312 0.0082383 0.0181693 0.0096281 0.0167573 0.0182020 0.0082312 0.0153186 0.0000000 0.0224749 0.0657991 0.0660190 0.0225367 0.0975720 0.0937218 0.0674463 0.0412722 0.0411944 0.0568435 0.0584965 0.0584965 0.0660366 0.0806484 0.0967349 0.1152209 0.0770621 0.0791152 0.0773040 0.0773040 0.0773040 0.0828456 0.0973686 0.0675046 0.0459284 0.0444385 0.0427655 0.0952649 0.0925446 0.0966993 0.0974048 0.0981565 0.0628230 0.0717268 0.0893240 0.0945840 0.0935652 0.1511761 0.1737588 0.1644477 0.1539483 0.1629264 0.1545051 0.1543997 0.1497966 0.1693978 0.2242609 
XM_008686880_2_PREDICTED_Ursus_maritimus_brain_derived_neurotrophic_factor_BDNF_mRNA                                      0.0601320 0.0536450 0.0569560 0.0654500 0.0195570 0.0195748 0.0239474 0.0210091 0.0225205 0.0239917 0.0195570 0.0210548 0.0224749 0.0000000 0.0705172 0.0707560 0.0082158 0.0858606 0.0856111 0.0721722 0.0332786 0.0332145 0.0438834 0.0454666 0.0454666 0.0707706 0.0754548 0.0853668 0.1158677 0.0711538 0.0731323 0.0713697 0.0713697 0.0713697 0.0733770 0.0909080 0.0635034 0.0393403 0.0378761 0.0362607 0.0819830 0.0863849 0.0866790 0.0908400 0.0881235 0.0622536 0.0694136 0.0833131 0.0884701 0.0944102 0.1474050 0.1589396 0.1615699 0.1443247 0.1569730 0.1511176 0.1490832 0.1411448 0.1653792 0.2191831 
XM_027936596_1_PREDICTED_Marmota_flaviventris_brain_derived_neurotrophic_factor_Bdnf_transcript_variant_X1_mRNA           0.0561589 0.1401526 0.0631980 0.0791275 0.1485593 0.0659277 0.0659178 0.0672462 0.0609372 0.0591473 0.0623789 0.0657647 0.0657991 0.0705172 0.0000000 0.0232121 0.1499292 0.0810074 0.0774805 0.0790954 0.0611676 0.0539719 0.0654408 0.0674331 0.0671072 0.0140495 0.1221700 0.1529714 0.1000208 0.0869509 0.0845641 0.0872323 0.1780469 0.0863382 0.0928787 0.1033112 0.1562135 0.0610148 0.0612572 0.1434686 0.1868392 0.1868110 0.1037774 0.2073594 0.1963638 0.0881695 0.1383538 0.1846908 0.1908283 0.1671479 0.1401955 0.1754713 0.1581752 0.1558074 0.2502423 0.1761985 0.2276858 0.1672446 0.1673581 0.2324264 
XM_040284582_1_PREDICTED_Ictidomys_tridecemlineatus_brain_derived_neurotrophic_factor_Bdnf_transcript_variant_X1_mRNA     0.0597249 0.0724042 0.0668863 0.0758820 0.0799124 0.0661486 0.0661386 0.0692861 0.0611374 0.0644335 0.0643651 0.0677932 0.0660190 0.0707560 0.0232121 0.0000000 0.0860240 0.0832177 0.0796453 0.0233125 0.0631515 0.0541430 0.0674553 0.0676598 0.0691415 0.0204789 0.0905855 0.1203085 0.1001125 0.0907471 0.0938635 0.0910459 0.1100289 0.0920343 0.0967653 0.1058291 0.0814520 0.0612156 0.0629593 0.0771724 0.1106586 0.0946939 0.1024424 0.1240163 0.1175358 0.0830933 0.0696278 0.1088663 0.1142363 0.0932149 0.1403386 0.1756695 0.1583499 0.1519777 0.1702179 0.1727974 0.1642587 0.1680886 0.1690682 0.2248250 
XM_011226480_3_PREDICTED_Ailuropoda_melanoleuca_brain_derived_neurotrophic_factor_BDNF_mRNA                               0.0568856 0.2616915 0.0537307 0.0652514 0.0306162 0.0167366 0.0210783 0.0190824 0.0196565 0.0219701 0.0176739 0.0191225 0.0225367 0.0082158 0.1499292 0.0860240 0.0000000 0.0813822 0.0811562 0.0847619 0.0338588 0.0317275 0.0427027 0.0439423 0.0442401 0.1154672 0.1301318 0.1480101 0.1123243 0.0747612 0.0761843 0.0749919 0.4358192 0.0744502 0.0770344 0.0936495 0.0872322 0.0363032 0.0348439 0.3472771 0.1158264 0.1381952 0.0850325 0.4139115 0.4049636 0.0607222 0.0883611 0.4138493 0.4173698 0.1448776 0.1384801 0.1554996 0.1557175 0.1484382 0.2181535 0.1553934 0.1896943 0.1452903 0.1713441 0.2272063 
XM_040980297_1_PREDICTED_Ochotona_curzoniae_brain_derived_neurotrophic_factor_BDNF_transcript_variant_X1_mRNA             0.0684633 0.0696766 0.0738093 0.1113323 0.0889967 0.0936222 0.0936050 0.0918972 0.0882177 0.0867972 0.0866993 0.0903825 0.0975720 0.0858606 0.0810074 0.0832177 0.0813822 0.0000000 0.0052891 0.0826723 0.0763860 0.0712447 0.0968140 0.0985972 0.0949850 0.0796574 0.1055023 0.1168754 0.1344959 0.1150638 0.1130449 0.1154838 0.1159227 0.1111079 0.1216655 0.1242291 0.0698875 0.0859279 0.0806877 0.0850367 0.1054677 0.1144815 0.1163608 0.1210492 0.1166552 0.1228366 0.0885402 0.1126585 0.1180333 0.0956455 0.1829377 0.1978672 0.1961235 0.1888741 0.1932986 0.1842107 0.1690318 0.1680241 0.1867945 0.2677776 
XM_004585440_1_PREDICTED_Ochotona_princeps_brain_derived_neurotrophic_factor_BDNF_transcript_variant_X1_mRNA              0.0649485 0.0630265 0.0702295 0.1074339 0.0853501 0.0898252 0.0863121 0.0882441 0.0844752 0.0831889 0.0830961 0.0867337 0.0937218 0.0856111 0.0774805 0.0796453 0.0811562 0.0052891 0.0000000 0.0791308 0.0728907 0.0710495 0.0965322 0.0982977 0.0947091 0.0761305 0.1016725 0.1093491 0.1340347 0.1183912 0.1162736 0.1188259 0.1191833 0.1143308 0.1250223 0.1274703 0.0664469 0.0856778 0.0804568 0.0847968 0.1016394 0.1069110 0.1085467 0.1133315 0.1090378 0.1232576 0.0849136 0.1094445 0.1148164 0.0953651 0.1822286 0.1970605 0.1932352 0.1903315 0.1882111 0.1791257 0.1665084 0.1631925 0.1775820 0.2699059 
XM_015476449_1_PREDICTED_Marmota_marmota_marmota_brain_derived_neurotrophic_factor_Bdnf_transcript_variant_X1_mRNA        0.0577796 0.3270524 0.0648545 0.0808180 0.0830813 0.0675785 0.0675682 0.0688562 0.0625706 0.0607297 0.0639728 0.0673738 0.0674463 0.0721722 0.0790954 0.0233125 0.0847619 0.0826723 0.0791308 0.0000000 0.0627662 0.0555680 0.0670406 0.0690850 0.0687136 0.0704372 0.1487858 0.1797907 0.1018067 0.0852278 0.0828904 0.0855020 0.4980561 0.0846577 0.0911264 0.1015595 0.0945236 0.0626510 0.0628995 0.4456621 0.1249132 0.1370656 0.1019566 0.4710666 0.4452194 0.0899303 0.0825847 0.4607498 0.4642873 0.1239220 0.1382896 0.1734241 0.1561468 0.1578141 0.2401157 0.1761171 0.2014089 0.1671697 0.1672842 0.2300025 
XM_029957152_1_PREDICTED_Suricata_suricatta_brain_derived_neurotrophic_factor_BDNF_transcript_variant_X1_mRNA             0.0540824 0.0478923 0.0542122 0.0599109 0.0399726 0.0380680 0.0365606 0.0397635 0.0350054 0.0368232 0.0382419 0.0398556 0.0412722 0.0332786 0.0611676 0.0631515 0.0338588 0.0763860 0.0728907 0.0627662 0.0000000 0.0168417 0.0518367 0.0537075 0.0534142 0.0613838 0.0805396 0.0905507 0.1087766 0.0805931 0.0813581 0.0808494 0.0837565 0.0795977 0.0829553 0.0976599 0.0556936 0.0227746 0.0183377 0.0192311 0.0925634 0.0939504 0.0874819 0.0942513 0.0922667 0.0669870 0.0718033 0.0908332 0.0959976 0.0892360 0.1450600 0.1629948 0.1706744 0.1477074 0.1660016 0.1550094 0.1569022 0.1408433 0.1678196 0.2378151 
XM_039217098_1_PREDICTED_Hyaena_hyaena_brain_derived_neurotrophic_factor_BDNF_mRNA                                        0.0504133 0.0440890 0.0521747 0.0707172 0.0379574 0.0379956 0.0379915 0.0395260 0.0333997 0.0349491 0.0379574 0.0380597 0.0411944 0.0332145 0.0539719 0.0541430 0.0317275 0.0712447 0.0710495 0.0555680 0.0168417 0.0000000 0.0517117 0.0533304 0.0533304 0.0541651 0.0771741 0.0950402 0.1088052 0.0785046 0.0805618 0.0787513 0.0787513 0.0787513 0.0808322 0.0973438 0.0520707 0.0256615 0.0182693 0.0196953 0.0874058 0.0901110 0.0902580 0.0944726 0.0939072 0.0649220 0.0644879 0.0928392 0.0981276 0.0871408 0.1531365 0.1687604 0.1787262 0.1524466 0.1689259 0.1491638 0.1463269 0.1392292 0.1771512 0.2430089 
XM_038429434_1_PREDICTED_Canis_lupus_familiaris_brain_derived_neurotrophic_factor_BDNF_transcript_variant_X1_mRNA         0.0718307 0.0665207 0.0703103 0.0583660 0.0504229 0.0503414 0.0550298 0.0501579 0.0502615 0.0501321 0.0485949 0.0501224 0.0568435 0.0438834 0.0654408 0.0674553 0.0427027 0.0968140 0.0965322 0.0670406 0.0518367 0.0517117 0.0000000 0.0013540 0.0013123 0.0656703 0.0791790 0.0906170 0.1158053 0.0714965 0.0708729 0.0717148 0.0731221 0.0691697 0.0737355 0.0828366 0.0731221 0.0519872 0.0553074 0.0552503 0.0878728 0.0947746 0.0952189 0.1000788 0.0957951 0.0743244 0.0777623 0.0880061 0.0930882 0.1028022 0.1339432 0.1497265 0.1456756 0.1271441 0.1505783 0.1711766 0.1601342 0.1517654 0.1732451 0.1974021 
XM_041730708_1_PREDICTED_Vulpes_lagopus_brain_derived_neurotrophic_factor_BDNF_transcript_variant_X1_mRNA                 0.0701059 0.0634395 0.0685885 0.0622330 0.0519055 0.0519607 0.0566679 0.0535366 0.0518778 0.0535080 0.0519055 0.0534974 0.0584965 0.0454666 0.0674331 0.0676598 0.0439423 0.0985972 0.0982977 0.0690850 0.0537075 0.0533304 0.0013540 0.0000000 0.0000010 0.0676764 0.0821274 0.0940797 0.1183781 0.0732558 0.0752648 0.0734813 0.0734813 0.0734813 0.0755179 0.0841086 0.0718799 0.0536162 0.0569555 0.0536593 0.0906517 0.0941913 0.0971104 0.1014103 0.0969849 0.0725673 0.0801950 0.0889496 0.0941835 0.1022775 0.1372819 0.1515064 0.1496043 0.1277456 0.1487951 0.1688319 0.1589928 0.1495437 0.1754935 0.1947597 
XM_026018600_1_PREDICTED_Vulpes_vulpes_brain_derived_neurotrophic_factor_BDNF_transcript_variant_X1_mRNA                  0.0701059 0.0648656 0.0685885 0.0600273 0.0519981 0.0519607 0.0566679 0.0517243 0.0518778 0.0516975 0.0501531 0.0516876 0.0584965 0.0454666 0.0671072 0.0691415 0.0442401 0.0949850 0.0947091 0.0687136 0.0534142 0.0533304 0.0013123 0.0000010 0.0000000 0.0673428 0.0809216 0.0924345 0.1138365 0.0732558 0.0725787 0.0734813 0.0748520 0.0708662 0.0755179 0.0810707 0.0714346 0.0536162 0.0569555 0.0568526 0.0896593 0.0965900 0.0971104 0.1019519 0.0976360 0.0725673 0.0795045 0.0897962 0.0948985 0.1009283 0.1318685 0.1475512 0.1434927 0.1250859 0.1483935 0.1688319 0.1579233 0.1495437 0.1709014 0.1947597 
XM_026412272_1_PREDICTED_Urocitellus_parryii_brain_derived_neurotrophic_factor_Bdnf_transcript_variant_X1_mRNA            0.0597455 0.1344450 0.0669036 0.0760371 0.1129674 0.0661661 0.0661561 0.0674828 0.0611574 0.0626642 0.0625982 0.0659966 0.0660366 0.0707706 0.0140495 0.0204789 0.1154672 0.0796574 0.0761305 0.0704372 0.0613838 0.0541651 0.0656703 0.0676764 0.0673428 0.0000000 0.1575402 0.1895142 0.0963791 0.0934479 0.0945053 0.0937613 0.1864239 0.0926635 0.0995689 0.1079875 0.1356744 0.0612356 0.0629786 0.1530298 0.1723468 0.1777774 0.1024218 0.2012365 0.1955924 0.0830978 0.1255618 0.1821992 0.1883089 0.1456673 0.1380757 0.1706536 0.1535154 0.1472893 0.2527491 0.1704358 0.2310486 0.1657961 0.1640173 0.2264384 
XM_029555090_1_PREDICTED_Nannospalax_galili_brain_derived_neurotrophic_factor_Bdnf_transcript_variant_X1_mRNA             0.0808880 0.1515627 0.0825060 0.1035283 0.1283331 0.0735342 0.0791598 0.0726476 0.0739463 0.0713020 0.0692863 0.0747344 0.0806484 0.0754548 0.1221700 0.0905855 0.1301318 0.1055023 0.1016725 0.1487858 0.0805396 0.0771741 0.0791790 0.0821274 0.0809216 0.1575402 0.0000000 0.0597147 0.0980179 0.1126673 0.1087488 0.1130812 0.2105928 0.1106910 0.1193164 0.1270897 0.1784185 0.0867467 0.0835757 0.1608422 0.1273433 0.1254264 0.0514367 0.1298752 0.1352176 0.0992335 0.1519868 0.1197970 0.1253037 0.1769115 0.1567839 0.1814853 0.1687301 0.1702792 0.2690220 0.1674628 0.2112793 0.1684251 0.1663880 0.2391414 
XM_007653166_4_PREDICTED_Cricetulus_griseus_brain_derived_neurotrophic_factor_Bdnf_transcript_variant_X1_mRNA             0.0944613 0.1755759 0.0941815 0.1145538 0.1489731 0.0891965 0.0878210 0.0877486 0.0859461 0.0827818 0.0842010 0.0900290 0.0967349 0.0853668 0.1529714 0.1203085 0.1480101 0.1168754 0.1093491 0.1797907 0.0905507 0.0950402 0.0906170 0.0940797 0.0924345 0.1895142 0.0597147 0.0000000 0.1152901 0.1234675 0.1191042 0.1239404 0.2153911 0.1211123 0.1303852 0.1300282 0.1954309 0.0952909 0.0959105 0.1810587 0.1272970 0.0978593 0.0482704 0.1402602 0.1398753 0.1185728 0.1637754 0.1212094 0.1249215 0.2145480 0.1706205 0.1925409 0.1868736 0.1718915 0.2843357 0.1876042 0.2233043 0.1776858 0.1816060 0.2284598 
XM_004660846_2_PREDICTED_Jaculus_jaculus_brain_derived_neurotrophic_factor_Bdnf_transcript_variant_X1_mRNA                0.1100044 0.1047532 0.1077279 0.1138736 0.1091546 0.1109553 0.1112264 0.1067619 0.1132607 0.1089684 0.1065817 0.1108510 0.1152209 0.1158677 0.1000208 0.1001125 0.1123243 0.1344959 0.1340347 0.1018067 0.1087766 0.1088052 0.1158053 0.1183781 0.1138365 0.0963791 0.0980179 0.1152901 0.0000000 0.1150247 0.1110422 0.1154539 0.1159031 0.1109869 0.1217755 0.1252347 0.1079316 0.1137696 0.1172488 0.1159356 0.1107728 0.1136823 0.1162105 0.1209017 0.1184254 0.1277792 0.1058788 0.1076634 0.1094721 0.1163223 0.1379111 0.1610387 0.1627406 0.1400907 0.1926877 0.1931741 0.1655235 0.1950772 0.1766625 0.2171681 
XM_006068006_2_PREDICTED_Bubalus_bubalis_brain_derived_neurotrophic_factor_BDNF_transcript_variant_X2_mRNA                0.0948889 0.0876463 0.0913992 0.0611320 0.0768518 0.0733819 0.0771070 0.0750721 0.0789119 0.0807271 0.0768518 0.0807117 0.0770621 0.0711538 0.0869509 0.0907471 0.0747612 0.1150638 0.1183912 0.0852278 0.0805931 0.0785046 0.0714965 0.0732558 0.0732558 0.0934479 0.1126673 0.1234675 0.1150247 0.0000000 0.0053893 0.0040315 0.0040315 0.0040315 0.0081390 0.0310642 0.1001191 0.0788752 0.0807256 0.0789400 0.1162757 0.1207236 0.1235705 0.1284127 0.1233922 0.1035183 0.0982733 0.1118841 0.1137434 0.1082107 0.1335547 0.1576854 0.1470773 0.1449024 0.1621222 0.1700696 0.1742088 0.1585742 0.1773225 0.1983235 
XM_005216334_4_PREDICTED_Bos_taurus_brain_derived_neurotrophic_factor_BDNF_transcript_variant_X1_mRNA                     0.0933273 0.0906288 0.0898364 0.0608190 0.0782401 0.0753952 0.0791617 0.0743393 0.0809847 0.0763161 0.0760644 0.0798018 0.0791152 0.0731323 0.0845641 0.0938635 0.0761843 0.1130449 0.1162736 0.0828904 0.0813581 0.0805618 0.0708729 0.0752648 0.0725787 0.0945053 0.1087488 0.1191042 0.1110422 0.0053893 0.0000000 0.0013339 0.0039235 0.0012933 0.0081449 0.0300888 0.1010316 0.0809468 0.0812682 0.0837564 0.1129017 0.1250662 0.1241130 0.1287878 0.1238752 0.1058505 0.0992418 0.1106010 0.1124105 0.1070935 0.1240872 0.1487701 0.1370325 0.1385240 0.1685253 0.1775372 0.1776716 0.1657197 0.1692793 0.1995288 
XM_010831788_1_PREDICTED_Bison_bison_bison_brain_derived_neurotrophic_factor_BDNF_transcript_variant_X1_mRNA              0.0952076 0.0879327 0.0917026 0.0613100 0.0770921 0.0736082 0.0773492 0.0753051 0.0791617 0.0809847 0.0770921 0.0809692 0.0773040 0.0713697 0.0872323 0.0910459 0.0749919 0.1154838 0.1188259 0.0855020 0.0808494 0.0787513 0.0717148 0.0734813 0.0734813 0.0937613 0.1130812 0.1239404 0.1154539 0.0040315 0.0013339 0.0000000 0.0000010 0.0000010 0.0067698 0.0295969 0.1004611 0.0791248 0.0809831 0.0791900 0.1167060 0.1211788 0.1240449 0.1289163 0.1238648 0.1038817 0.0986129 0.1122917 0.1141588 0.1085939 0.1290874 0.1527809 0.1428457 0.1416597 0.1670993 0.1751052 0.1792864 0.1633866 0.1737014 0.1993679 
XM_019974522_1_PREDICTED_Bos_indicus_brain_derived_neurotrophic_factor_BDNF_mRNA                                          0.0952076 0.3620906 0.0917026 0.0629266 0.4608575 0.0736082 0.0773492 0.0766382 0.0791617 0.0822023 0.0783878 0.0821870 0.0773040 0.0713697 0.1780469 0.1100289 0.4358192 0.1159227 0.1191833 0.4980561 0.0837565 0.0787513 0.0731221 0.0734813 0.0748520 0.1864239 0.2105928 0.2153911 0.1159031 0.0040315 0.0039235 0.0000010 0.0000000 0.0026091 0.0067698 0.0317454 0.5290230 0.0791248 0.0809831 0.4742474 0.5663002 0.6046778 0.1240449 0.5571346 0.5302726 0.1038817 0.5032349 0.5318789 0.5386003 0.5336183 0.1292014 0.1545476 0.1426037 0.1440242 0.2437489 0.1751052 0.2419275 0.1633866 0.1755002 0.1993679 
XM_005890667_2_PREDICTED_Bos_mutus_brain_derived_neurotrophic_factor_BDNF_transcript_variant_X1_mRNA                      0.0952076 0.0888112 0.0917026 0.0591719 0.0764878 0.0736082 0.0773492 0.0726167 0.0791617 0.0780579 0.0743323 0.0780434 0.0773040 0.0713697 0.0863382 0.0920343 0.0744502 0.1111079 0.1143308 0.0846577 0.0795977 0.0787513 0.0691697 0.0734813 0.0708662 0.0926635 0.1106910 0.1211123 0.1109869 0.0040315 0.0012933 0.0000010 0.0026091 0.0000000 0.0067698 0.0286452 0.0991687 0.0791248 0.0809831 0.0819692 0.1148693 0.1230298 0.1240449 0.1287173 0.1238093 0.1038817 0.0973535 0.1125523 0.1143689 0.1070423 0.1240216 0.1486801 0.1369530 0.1384446 0.1661823 0.1751052 0.1775519 0.1633866 0.1691680 0.1993679 
XM_012096129_4_PREDICTED_Ovis_aries_brain_derived_neurotrophic_factor_BDNF_transcript_variant_X2_mRNA                     0.1010145 0.0936314 0.0974674 0.0615638 0.0826133 0.0790758 0.0828948 0.0807953 0.0847392 0.0865942 0.0826133 0.0865778 0.0828456 0.0733770 0.0928787 0.0967653 0.0770344 0.1216655 0.1250223 0.0911264 0.0829553 0.0808322 0.0737355 0.0755179 0.0755179 0.0995689 0.1193164 0.1303852 0.1217755 0.0081390 0.0081449 0.0067698 0.0067698 0.0067698 0.0000000 0.0311358 0.1063340 0.0812200 0.0830956 0.0812872 0.1229794 0.1275452 0.1305055 0.1354834 0.1303124 0.1043304 0.1025588 0.1184790 0.1203690 0.1146334 0.1348802 0.1547729 0.1507872 0.1474035 0.1658343 0.1732112 0.1821540 0.1662933 0.1761798 0.1999562 
XM_020903256_1_PREDICTED_Odocoileus_virginianus_texanus_brain_derived_neurotrophic_factor_BDNF_transcript_variant_X1_mRNA 0.1107406 0.1036637 0.1071195 0.0741729 0.0958853 0.0972064 0.0974287 0.0953424 0.0993504 0.0975221 0.0935106 0.0975049 0.0973686 0.0909080 0.1033112 0.1058291 0.0936495 0.1242291 0.1274703 0.1015595 0.0976599 0.0973438 0.0828366 0.0841086 0.0810707 0.1079875 0.1270897 0.1300282 0.1252347 0.0310642 0.0300888 0.0295969 0.0317454 0.0286452 0.0311358 0.0000000 0.1124671 0.0978430 0.0998135 0.1003147 0.1249280 0.1299761 0.1347720 0.1393144 0.1342100 0.1085562 0.1099451 0.1239680 0.1258212 0.1121207 0.1360267 0.1596465 0.1533891 0.1568311 0.1787537 0.1779210 0.1914230 0.1726332 0.1781884 0.2030166 
XM_009007854_3_PREDICTED_Callithrix_jacchus_brain_derived_neurotrophic_factor_BDNF_transcript_variant_X1_mRNA             0.0152954 0.2378890 0.0182410 0.0888936 0.0952396 0.0639898 0.0606011 0.0653473 0.0557169 0.0573302 0.0605291 0.0605805 0.0675046 0.0635034 0.1562135 0.0814520 0.0872322 0.0698875 0.0664469 0.0945236 0.0556936 0.0520707 0.0731221 0.0718799 0.0714346 0.1356744 0.1784185 0.1954309 0.1079316 0.1001191 0.1010316 0.1004611 0.5290230 0.0991687 0.1063340 0.1124671 0.0000000 0.0604265 0.0590283 0.4496520 0.1383126 0.1467449 0.1015031 0.5019503 0.4813504 0.0851877 0.0917248 0.5267312 0.5305470 0.1479231 0.1636272 0.1760019 0.1851967 0.1741642 0.2227272 0.1410394 0.1746033 0.1441949 0.1602255 0.2472013 
NM_001009828_1_Felis_catus_brain_derived_neurotrophic_factor_BDNF_mRNA                                                    0.0620650 0.0555049 0.0622179 0.0729566 0.0426315 0.0426753 0.0442493 0.0442236 0.0395795 0.0411592 0.0426315 0.0411508 0.0459284 0.0393403 0.0610148 0.0612156 0.0363032 0.0859279 0.0856778 0.0626510 0.0227746 0.0256615 0.0519872 0.0536162 0.0536162 0.0612356 0.0867467 0.0952909 0.1137696 0.0788752 0.0809468 0.0791248 0.0791248 0.0791248 0.0812200 0.0978430 0.0604265 0.0000000 0.0124955 0.0082668 0.0972716 0.1001474 0.0961761 0.0986494 0.0998973 0.0686563 0.0701645 0.0985899 0.1039521 0.0988106 0.1533223 0.1630672 0.1778607 0.1490709 0.1729747 0.1626029 0.1559309 0.1523364 0.1813375 0.2277793 
XM_015544869_1_PREDICTED_Panthera_tigris_altaica_brain_derived_neurotrophic_factor_BDNF_mRNA                              0.0575301 0.0524776 0.0576704 0.0748011 0.0411537 0.0411958 0.0411912 0.0427417 0.0365507 0.0366768 0.0411537 0.0381104 0.0444385 0.0378761 0.0612572 0.0629593 0.0348439 0.0806877 0.0804568 0.0628995 0.0183377 0.0182693 0.0553074 0.0569555 0.0569555 0.0629786 0.0835757 0.0959105 0.1172488 0.0807256 0.0812682 0.0809831 0.0809831 0.0809831 0.0830956 0.0998135 0.0590283 0.0124955 0.0000000 0.0068532 0.0940800 0.0985082 0.0921419 0.0945600 0.0958138 0.0687450 0.0701766 0.0954097 0.1007620 0.0910357 0.1506882 0.1649757 0.1797926 0.1486093 0.1733816 0.1583794 0.1470854 0.1461870 0.1732996 0.2323290 
XM_030333208_1_PREDICTED_Lynx_canadensis_brain_derived_neurotrophic_factor_BDNF_mRNA                                      0.0587602 0.1683730 0.0589032 0.0759536 0.3669428 0.0395491 0.0411091 0.0445068 0.0364791 0.0415224 0.0429558 0.0415141 0.0427655 0.0362607 0.1434686 0.0771724 0.3472771 0.0850367 0.0847968 0.4456621 0.0192311 0.0196953 0.0552503 0.0536593 0.0568526 0.1530298 0.1608422 0.1810587 0.1159356 0.0789400 0.0837564 0.0791900 0.4742474 0.0819692 0.0812872 0.1003147 0.4496520 0.0082668 0.0068532 0.0000000 0.5021657 0.5267530 0.0924432 0.3262116 0.3378796 0.0635158 0.4585967 0.3141809 0.3280440 0.5582524 0.1545152 0.1663295 0.1784077 0.1485927 0.2404910 0.1581441 0.2180733 0.1480287 0.1799238 0.2314863 
XM_031371313_1_PREDICTED_Mastomys_coucha_brain_derived_neurotrophic_factor_Bdnf_transcript_variant_X1_mRNA                0.0892437 0.3521160 0.0943618 0.1124626 0.1229473 0.0878513 0.0878356 0.0869637 0.0825251 0.0799991 0.0834500 0.0871116 0.0952649 0.0819830 0.1868392 0.1106586 0.1158264 0.1054677 0.1016394 0.1249132 0.0925634 0.0874058 0.0878728 0.0906517 0.0896593 0.1723468 0.1273433 0.1272970 0.1107728 0.1162757 0.1129017 0.1167060 0.5663002 0.1148693 0.1229794 0.1249280 0.1383126 0.0972716 0.0940800 0.5021657 0.0000000 0.0736887 0.0181520 0.3215432 0.3055438 0.1132877 0.1108740 0.3405898 0.3442274 0.1864142 0.1648858 0.1788386 0.1765506 0.1597951 0.2487985 0.2029059 0.2218369 0.1865268 0.1900356 0.2158465 
XM_037204438_1_PREDICTED_Peromyscus_leucopus_brain_derived_neurotrophic_factor_Bdnf_mRNA                                  0.0880823 0.3365817 0.0932229 0.1133200 0.1353059 0.0886348 0.0888322 0.0912293 0.0869678 0.0914048 0.0876558 0.0950765 0.0925446 0.0863849 0.1868110 0.0946939 0.1381952 0.1144815 0.1069110 0.1370656 0.0939504 0.0901110 0.0947746 0.0941913 0.0965900 0.1777774 0.1254264 0.0978593 0.1136823 0.1207236 0.1250662 0.1211788 0.6046778 0.1230298 0.1275452 0.1299761 0.1467449 0.1001474 0.0985082 0.5267530 0.0736887 0.0000000 0.0426171 0.3508158 0.3350009 0.1025647 0.1176310 0.3439311 0.3454240 0.2085810 0.1747138 0.1941689 0.1862771 0.1716399 0.2388824 0.1869744 0.2017223 0.1767601 0.1681344 0.2304894 
NM_001048142_1_Mus_musculus_brain_derived_neurotrophic_factor_Bdnf_transcript_variant_4_mRNA                              0.0938243 0.0848741 0.0954735 0.1217491 0.0890431 0.0927176 0.0891403 0.0927514 0.0872667 0.0873058 0.0890431 0.0929194 0.0966993 0.0866790 0.1037774 0.1024424 0.0850325 0.1163608 0.1085467 0.1019566 0.0874819 0.0902580 0.0952189 0.0971104 0.0971104 0.1024218 0.0514367 0.0482704 0.1162105 0.1235705 0.1241130 0.1240449 0.1240449 0.1240449 0.1305055 0.1347720 0.1015031 0.0961761 0.0921419 0.0924432 0.0181520 0.0426171 0.0000000 0.0027084 0.0054074 0.1146852 0.0919101 0.0210311 0.0253705 0.1160396 0.1641226 0.1718772 0.1760286 0.1595331 0.1996317 0.1999720 0.1778740 0.1934776 0.1885820 0.2154527 
XM_021151236_2_PREDICTED_Mus_caroli_brain_derived_neurotrophic_factor_Bdnf_mRNA                                           0.0980814 0.2464778 0.0997463 0.1264336 0.4574777 0.0933881 0.0897825 0.0941772 0.0878933 0.0888279 0.0905334 0.0943452 0.0974048 0.0908400 0.2073594 0.1240163 0.4139115 0.1210492 0.1133315 0.4710666 0.0942513 0.0944726 0.1000788 0.1014103 0.1019519 0.2012365 0.1298752 0.1402602 0.1209017 0.1284127 0.1287878 0.1289163 0.5571346 0.1287173 0.1354834 0.1393144 0.5019503 0.0986494 0.0945600 0.3262116 0.3215432 0.3508158 0.0027084 0.0000000 0.0151612 0.1155355 0.4679219 0.0315199 0.0313662 0.5488050 0.1641738 0.1740908 0.1758163 0.1665297 0.3320785 0.2062674 0.2901710 0.1995957 0.1932452 0.2198337 
XM_021192829_2_PREDICTED_Mus_pahari_brain_derived_neurotrophic_factor_Bdnf_mRNA                                           0.0974940 0.2539557 0.0991492 0.1178653 0.4477083 0.0941707 0.0905956 0.0949326 0.0887213 0.0896266 0.0913177 0.0951008 0.0981565 0.0881235 0.1963638 0.1175358 0.4049636 0.1166552 0.1090378 0.4452194 0.0922667 0.0939072 0.0957951 0.0969849 0.0976360 0.1955924 0.1352176 0.1398753 0.1184254 0.1233922 0.1238752 0.1238648 0.5302726 0.1238093 0.1303124 0.1342100 0.4813504 0.0998973 0.0958138 0.3378796 0.3055438 0.3350009 0.0054074 0.0151612 0.0000000 0.1164743 0.4357646 0.0375729 0.0373865 0.5120793 0.1626328 0.1724255 0.1763482 0.1608822 0.3196577 0.2018508 0.2873065 0.1953219 0.1887472 0.2174032 
NM_001081787_1_Equus_caballus_brain_derived_neurotrophic_factor_BDNF_mRNA                                                 0.0851533 0.0815267 0.0795480 0.0876184 0.0592692 0.0593353 0.0661584 0.0609638 0.0645785 0.0663089 0.0592692 0.0594462 0.0628230 0.0622536 0.0881695 0.0830933 0.0607222 0.1228366 0.1232576 0.0899303 0.0669870 0.0649220 0.0743244 0.0725673 0.0725673 0.0830978 0.0992335 0.1185728 0.1277792 0.1035183 0.1058505 0.1038817 0.1038817 0.1038817 0.1043304 0.1085562 0.0851877 0.0686563 0.0687450 0.0635158 0.1132877 0.1025647 0.1146852 0.1155355 0.1164743 0.0000000 0.0829357 0.1034932 0.1088659 0.1074408 0.1583337 0.1623294 0.1550820 0.1420628 0.1841053 0.1879242 0.1820872 0.1871496 0.1918905 0.2111429 
XM_020177315_1_PREDICTED_Castor_canadensis_brain_derived_neurotrophic_factor_Bdnf_mRNA                                    0.0591155 0.2926773 0.0642409 0.0857010 0.0938652 0.0647884 0.0682536 0.0661460 0.0631950 0.0646655 0.0612505 0.0646530 0.0717268 0.0694136 0.1383538 0.0696278 0.0883611 0.0885402 0.0849136 0.0825847 0.0718033 0.0644879 0.0777623 0.0801950 0.0795045 0.1255618 0.1519868 0.1637754 0.1058788 0.0982733 0.0992418 0.0986129 0.5032349 0.0973535 0.1025588 0.1099451 0.0917248 0.0701645 0.0701766 0.4585967 0.1108740 0.1176310 0.0919101 0.4679219 0.4357646 0.0829357 0.0000000 0.4641671 0.4651614 0.1173824 0.1571560 0.1779618 0.1635145 0.1650989 0.2526489 0.1748363 0.1998348 0.1756785 0.1719367 0.2432245 
NM_001270630_1_Rattus_norvegicus_brain_derived_neurotrophic_factor_Bdnf_transcript_variant_1_mRNA                         0.0944693 0.2404400 0.0941937 0.1111590 0.4517085 0.0855025 0.0856885 0.0864643 0.0838634 0.0830658 0.0829731 0.0902093 0.0893240 0.0833131 0.1846908 0.1088663 0.4138493 0.1126585 0.1094445 0.4607498 0.0908332 0.0928392 0.0880061 0.0889496 0.0897962 0.1821992 0.1197970 0.1212094 0.1076634 0.1118841 0.1106010 0.1122917 0.5318789 0.1125523 0.1184790 0.1239680 0.5267312 0.0985899 0.0954097 0.3141809 0.3405898 0.3439311 0.0210311 0.0315199 0.0375729 0.1034932 0.4641671 0.0000000 0.0065069 0.5433017 0.1537632 0.1797782 0.1663114 0.1635703 0.2946742 0.1918712 0.2752583 0.1802570 0.1736827 0.2156834 
XM_032903861_1_PREDICTED_Rattus_rattus_brain_derived_neurotrophic_factor_Bdnf_transcript_variant_X1_mRNA                  0.0997544 0.2506512 0.0994597 0.1166321 0.4552378 0.0907079 0.0874229 0.0915419 0.0890616 0.0881140 0.0880146 0.0953398 0.0945840 0.0884701 0.1908283 0.1142363 0.4173698 0.1180333 0.1148164 0.4642873 0.0959976 0.0981276 0.0930882 0.0941835 0.0948985 0.1883089 0.1253037 0.1249215 0.1094721 0.1137434 0.1124105 0.1141588 0.5386003 0.1143689 0.1203690 0.1258212 0.5305470 0.1039521 0.1007620 0.3280440 0.3442274 0.3454240 0.0253705 0.0313662 0.0373865 0.1088659 0.4651614 0.0065069 0.0000000 0.5473010 0.1557284 0.1838243 0.1683888 0.1675738 0.2948345 0.1925295 0.2754045 0.1781278 0.1737610 0.2203169 
XM_013019592_1_PREDICTED_Dipodomys_ordii_brain_derived_neurotrophic_factor_Bdnf_transcript_variant_X1_mRNA                0.0844544 0.3654598 0.0828748 0.1076989 0.1431403 0.0896607 0.0971869 0.0869828 0.0955240 0.0944134 0.0851822 0.0888707 0.0935652 0.0944102 0.1671479 0.0932149 0.1448776 0.0956455 0.0953651 0.1239220 0.0892360 0.0871408 0.1028022 0.1022775 0.1009283 0.1456673 0.1769115 0.2145480 0.1163223 0.1082107 0.1070935 0.1085939 0.5336183 0.1070423 0.1146334 0.1121207 0.1479231 0.0988106 0.0910357 0.5582524 0.1864142 0.2085810 0.1160396 0.5488050 0.5120793 0.1074408 0.1173824 0.5433017 0.5473010 0.0000000 0.1272037 0.1616984 0.1564950 0.1470898 0.2628999 0.1847198 0.2042810 0.1765523 0.1546202 0.2252097 
XM_005401751_2_PREDICTED_Chinchilla_lanigera_brain_derived_neurotrophic_factor_Bdnf_transcript_variant_X1_mRNA            0.1709094 0.1590706 0.1656155 0.1472079 0.1476376 0.1487078 0.1465850 0.1428003 0.1528656 0.1468008 0.1445851 0.1423515 0.1511761 0.1474050 0.1401955 0.1403386 0.1384801 0.1829377 0.1822286 0.1382896 0.1450600 0.1531365 0.1339432 0.1372819 0.1318685 0.1380757 0.1567839 0.1706205 0.1379111 0.1335547 0.1240872 0.1290874 0.1292014 0.1240216 0.1348802 0.1360267 0.1636272 0.1533223 0.1506882 0.1545152 0.1648858 0.1747138 0.1641226 0.1641738 0.1626328 0.1583337 0.1571560 0.1537632 0.1557284 0.1272037 0.0000000 0.0479668 0.0681592 0.0730690 0.2231019 0.2188314 0.2080160 0.1960800 0.1805683 0.1159427 
XM_004644113_2_PREDICTED_Octodon_degus_brain_derived_neurotrophic_factor_Bdnf_transcript_variant_X1_mRNA                  0.1803230 0.1743914 0.1773658 0.1575026 0.1715609 0.1710860 0.1706221 0.1663248 0.1752176 0.1703284 0.1681703 0.1655358 0.1737588 0.1589396 0.1754713 0.1756695 0.1554996 0.1978672 0.1970605 0.1734241 0.1629948 0.1687604 0.1497265 0.1515064 0.1475512 0.1706536 0.1814853 0.1925409 0.1610387 0.1576854 0.1487701 0.1527809 0.1545476 0.1486801 0.1547729 0.1596465 0.1760019 0.1630672 0.1649757 0.1663295 0.1788386 0.1941689 0.1718772 0.1740908 0.1724255 0.1623294 0.1779618 0.1797782 0.1838243 0.1616984 0.0479668 0.0000000 0.0739011 0.0798969 0.2378464 0.2271355 0.2238745 0.2080667 0.1930461 0.1045902 
XM_013147262_2_PREDICTED_Cavia_porcellus_brain_derived_neurotrophic_factor_Bdnf_transcript_variant_X1_mRNA                0.1837671 0.1751425 0.1806878 0.1547298 0.1602769 0.1618167 0.1616117 0.1570915 0.1682194 0.1612951 0.1569936 0.1565679 0.1644477 0.1615699 0.1581752 0.1583499 0.1557175 0.1961235 0.1932352 0.1561468 0.1706744 0.1787262 0.1456756 0.1496043 0.1434927 0.1535154 0.1687301 0.1868736 0.1627406 0.1470773 0.1370325 0.1428457 0.1426037 0.1369530 0.1507872 0.1533891 0.1851967 0.1778607 0.1797926 0.1784077 0.1765506 0.1862771 0.1760286 0.1758163 0.1763482 0.1550820 0.1635145 0.1663114 0.1683888 0.1564950 0.0681592 0.0739011 0.0000000 0.0797759 0.2421629 0.2506222 0.2316578 0.2370691 0.1937551 0.1048517 
XM_004851581_3_PREDICTED_Heterocephalus_glaber_brain_derived_neurotrophic_factor_Bdnf_transcript_variant_X1_mRNA          0.1736766 0.1725054 0.1701982 0.1419568 0.1528813 0.1514130 0.1607358 0.1478680 0.1610708 0.1571663 0.1496991 0.1524691 0.1539483 0.1443247 0.1558074 0.1519777 0.1484382 0.1888741 0.1903315 0.1578141 0.1477074 0.1524466 0.1271441 0.1277456 0.1250859 0.1472893 0.1702792 0.1718915 0.1400907 0.1449024 0.1385240 0.1416597 0.1440242 0.1384446 0.1474035 0.1568311 0.1741642 0.1490709 0.1486093 0.1485927 0.1597951 0.1716399 0.1595331 0.1665297 0.1608822 0.1420628 0.1650989 0.1635703 0.1675738 0.1470898 0.0730690 0.0798969 0.0797759 0.0000000 0.2229233 0.2300472 0.2267518 0.2083482 0.2094266 0.0951449 
XM_020977976_1_PREDICTED_Phascolarctos_cinereus_brain_derived_neurotrophic_factor_BDNF_transcript_variant_X1_mRNA         0.1713753 0.2358209 0.1656051 0.1789394 0.2138293 0.1625767 0.1630455 0.1638071 0.1653754 0.1668059 0.1575645 0.1600067 0.1629264 0.1569730 0.2502423 0.1702179 0.2181535 0.1932986 0.1882111 0.2401157 0.1660016 0.1689259 0.1505783 0.1487951 0.1483935 0.2527491 0.2690220 0.2843357 0.1926877 0.1621222 0.1685253 0.1670993 0.2437489 0.1661823 0.1658343 0.1787537 0.2227272 0.1729747 0.1733816 0.2404910 0.2487985 0.2388824 0.1996317 0.3320785 0.3196577 0.1841053 0.2526489 0.2946742 0.2948345 0.2628999 0.2231019 0.2378464 0.2421629 0.2229233 0.0000000 0.0519978 0.1463050 0.0691137 0.0854731 0.2881506 
