26
NM_001731_3_Homo_sapiens_BTG_anti_proliferation_factor_1_BTG1_mRNA                                             0.0000000 0.1165811 0.0448212 0.0266316 0.0356835 0.0265291 0.1504156 0.0265291 0.0735045 0.0266316 0.0356835 0.0727372 0.1058120 0.1160128 0.0540434 0.0266316 0.0356835 0.0175999 0.0358944 0.0087566 0.0727372 0.0358944 0.1390669 0.1635039 0.0358584 0.0267871 
XM_069489666_1_PREDICTED_Eulemur_rufifrons_BTG_anti_proliferation_factor_1_BTG1_mRNA                           0.1165811 0.0000000 0.1275722 0.1068333 0.1171560 0.1063198 0.0269466 0.1063198 0.1365369 0.1275722 0.1171560 0.1380800 0.0269213 0.0360762 0.1593544 0.0856862 0.1171560 0.0961522 0.1179707 0.1063198 0.1593544 0.1179707 0.0549873 0.1161108 0.1178594 0.1075660 
XM_055237919_2_PREDICTED_Symphalangus_syndactylus_BTG_anti_proliferation_factor_1_BTG1_mRNA                    0.0448212 0.1275722 0.0000000 0.0542662 0.0636159 0.0540434 0.1621391 0.0540434 0.1029629 0.0175999 0.0636159 0.1018326 0.1165811 0.1269331 0.0825642 0.0542662 0.0636159 0.0448212 0.0640070 0.0356835 0.1018326 0.0640070 0.1278224 0.1736350 0.0639447 0.0545964 
XM_054444125_2_PREDICTED_Pongo_pygmaeus_BTG_anti_proliferation_factor_1_BTG1_mRNA                              0.0266316 0.1068333 0.0542662 0.0000000 0.0450023 0.0356835 0.1403999 0.0356835 0.0834533 0.0358248 0.0450023 0.0825642 0.0961522 0.1063198 0.0636159 0.0358248 0.0087566 0.0266316 0.0452727 0.0176666 0.0825642 0.0452727 0.1505506 0.1756130 0.0452276 0.0360374 
NM_001266672_1_Macaca_mulatta_BTG_anti_proliferation_factor_1_BTG1_mRNA                                        0.0356835 0.1171560 0.0636159 0.0450023 0.0000000 0.0087891 0.1512232 0.0266316 0.0738237 0.0450023 0.0358248 0.0730491 0.1063198 0.1165811 0.0730491 0.0267349 0.0542662 0.0176666 0.0360374 0.0266316 0.0730491 0.0360374 0.1397933 0.1644175 0.0178181 0.0268917 
XM_050750080_1_PREDICTED_Macaca_thibetana_thibetana_BTG_anti_proliferation_factor_1_BTG1_mRNA                  0.0265291 0.1063198 0.0540434 0.0356835 0.0087891 0.0000000 0.1396655 0.0175999 0.0640070 0.0356835 0.0266316 0.0633496 0.0957023 0.1058120 0.0633496 0.0176666 0.0448212 0.0087566 0.0267871 0.0175999 0.0633496 0.0267871 0.1284718 0.1524826 0.0088301 0.0177685 
XM_045553258_1_PREDICTED_Lemur_catta_BTG_anti_proliferation_factor_1_BTG1_mRNA                                 0.1504156 0.0269466 0.1621391 0.1403999 0.1512232 0.1396655 0.0000000 0.1396655 0.1710470 0.1621391 0.1512232 0.1731448 0.0553964 0.0649602 0.1954049 0.1178594 0.1512232 0.1290089 0.1523444 0.1396655 0.1954049 0.1523444 0.0849081 0.1497272 0.1522062 0.1414255 
XM_033221091_1_PREDICTED_Trachypithecus_francoisi_BTG_anti_proliferation_factor_1_BTG1_mRNA                    0.0265291 0.1063198 0.0540434 0.0356835 0.0266316 0.0175999 0.1396655 0.0000000 0.0640070 0.0356835 0.0266316 0.0633496 0.0957023 0.1058120 0.0633496 0.0176666 0.0448212 0.0087566 0.0267871 0.0175999 0.0633496 0.0267871 0.1284718 0.1524826 0.0267599 0.0177685 
XM_032297546_1_PREDICTED_Sapajus_apella_BTG_anti_proliferation_factor_1_BTG1_mRNA                              0.0735045 0.1365369 0.1029629 0.0834533 0.0738237 0.0640070 0.1710470 0.0640070 0.0000000 0.0834533 0.0738237 0.0177685 0.1255509 0.1153346 0.0177685 0.0642795 0.0931671 0.0545964 0.0742896 0.0640070 0.0177685 0.0742896 0.1382051 0.1624260 0.0742177 0.0646803 
XM_032170892_2_PREDICTED_Hylobates_moloch_BTG_anti_proliferation_factor_1_BTG1_mRNA                            0.0266316 0.1275722 0.0175999 0.0358248 0.0450023 0.0356835 0.1621391 0.0356835 0.0834533 0.0000000 0.0450023 0.0825642 0.1165811 0.1269331 0.0636159 0.0358248 0.0450023 0.0266316 0.0452727 0.0176666 0.0825642 0.0452727 0.1278224 0.1516594 0.0452276 0.0360374 
XM_025400855_1_PREDICTED_Theropithecus_gelada_BTG_anti_proliferation_factor_1_BTG1_mRNA                        0.0356835 0.1171560 0.0636159 0.0450023 0.0358248 0.0266316 0.1512232 0.0266316 0.0738237 0.0450023 0.0000000 0.0730491 0.1063198 0.1165811 0.0730491 0.0267349 0.0542662 0.0176666 0.0360374 0.0266316 0.0730491 0.0178364 0.1397933 0.1644175 0.0360011 0.0268917 
XM_002752814_4_PREDICTED_Callithrix_jacchus_BTG_anti_proliferation_factor_1_BTG1_mRNA                          0.0727372 0.1380800 0.1018326 0.0825642 0.0730491 0.0633496 0.1731448 0.0633496 0.0177685 0.0825642 0.0730491 0.0000000 0.1269331 0.1165811 0.0175999 0.0636159 0.0921595 0.0540434 0.0735045 0.0633496 0.0175999 0.0735045 0.1397933 0.1644175 0.0734341 0.0640070 
XM_012775241_1_PREDICTED_Microcebus_murinus_BTG_anti_proliferation_factor_1_BTG1_mRNA                          0.1058120 0.0269213 0.1165811 0.0961522 0.1063198 0.0957023 0.0553964 0.0957023 0.1255509 0.1165811 0.1063198 0.1269331 0.0000000 0.0087837 0.1479001 0.0754270 0.1063198 0.0856862 0.1070445 0.0957023 0.1479001 0.1070445 0.0647451 0.1054025 0.1069423 0.0967987 
XM_012664017_1_PREDICTED_Propithecus_coquereli_B_cell_translocation_gene_1_anti_proliferative_BTG1_mRNA        0.1160128 0.0360762 0.1269331 0.1063198 0.1165811 0.1058120 0.0649602 0.1058120 0.1153346 0.1269331 0.1165811 0.1165811 0.0087837 0.0000000 0.1373744 0.0852960 0.1165811 0.0957023 0.1173866 0.1058120 0.1373744 0.1173866 0.0743617 0.1155483 0.1172764 0.1070445 
XM_012469349_2_PREDICTED_Aotus_nancymaae_BTG_anti_proliferation_factor_1_BTG1_mRNA                             0.0540434 0.1593544 0.0825642 0.0636159 0.0730491 0.0633496 0.1954049 0.0633496 0.0177685 0.0636159 0.0730491 0.0175999 0.1479001 0.1373744 0.0000000 0.0636159 0.0730491 0.0540434 0.0735045 0.0448212 0.0175999 0.0735045 0.1613970 0.1868988 0.0734341 0.0640070 
XM_012031683_1_PREDICTED_Cercocebus_atys_B_cell_translocation_gene_1_anti_proliferative_BTG1_mRNA              0.0266316 0.0856862 0.0542662 0.0358248 0.0267349 0.0176666 0.1178594 0.0176666 0.0642795 0.0358248 0.0267349 0.0636159 0.0754270 0.0852960 0.0636159 0.0000000 0.0450023 0.0087891 0.0268917 0.0176666 0.0636159 0.0268917 0.1070445 0.1300538 0.0268643 0.0178364 
XM_002823578_4_PREDICTED_Pongo_abelii_BTG_anti_proliferation_factor_1_BTG1_mRNA                                0.0356835 0.1171560 0.0636159 0.0087566 0.0542662 0.0448212 0.1512232 0.0448212 0.0931671 0.0450023 0.0542662 0.0921595 0.1063198 0.1165811 0.0730491 0.0450023 0.0000000 0.0356835 0.0545964 0.0266316 0.0921595 0.0545964 0.1613970 0.1868988 0.0545427 0.0452727 
XM_010383938_2_PREDICTED_Rhinopithecus_roxellana_BTG_anti_proliferation_factor_1_BTG1_mRNA                     0.0175999 0.0961522 0.0448212 0.0266316 0.0176666 0.0087566 0.1290089 0.0087566 0.0545964 0.0266316 0.0176666 0.0540434 0.0856862 0.0957023 0.0540434 0.0087891 0.0356835 0.0000000 0.0177685 0.0087566 0.0540434 0.0177685 0.1179707 0.1415564 0.0177502 0.0088392 
XM_008004234_3_PREDICTED_Chlorocebus_sabaeus_BTG_anti_proliferation_factor_1_BTG1_mRNA                         0.0358944 0.1179707 0.0640070 0.0452727 0.0360374 0.0267871 0.1523444 0.0267871 0.0742896 0.0452727 0.0360374 0.0735045 0.1070445 0.1173866 0.0735045 0.0268917 0.0545964 0.0177685 0.0000000 0.0267871 0.0735045 0.0362527 0.1408077 0.1656768 0.0362160 0.0270503 
XM_019038967_4_PREDICTED_Gorilla_gorilla_gorilla_BTG_anti_proliferation_factor_1_BTG1_mRNA                     0.0087566 0.1063198 0.0356835 0.0176666 0.0266316 0.0175999 0.1396655 0.0175999 0.0640070 0.0176666 0.0266316 0.0633496 0.0957023 0.1058120 0.0448212 0.0176666 0.0266316 0.0087566 0.0267871 0.0000000 0.0633496 0.0267871 0.1284718 0.1524826 0.0267599 0.0177685 
XM_003927879_4_PREDICTED_Saimiri_boliviensis_BTG_anti_proliferation_factor_1_BTG1_mRNA                         0.0727372 0.1593544 0.1018326 0.0825642 0.0730491 0.0633496 0.1954049 0.0633496 0.0177685 0.0825642 0.0730491 0.0175999 0.1479001 0.1373744 0.0175999 0.0636159 0.0921595 0.0540434 0.0735045 0.0633496 0.0000000 0.0735045 0.1613970 0.1868988 0.0734341 0.0640070 
XM_003906945_4_PREDICTED_Papio_anubis_BTG_anti_proliferation_factor_1_BTG1_mRNA                                0.0358944 0.1179707 0.0640070 0.0452727 0.0360374 0.0267871 0.1523444 0.0267871 0.0742896 0.0452727 0.0178364 0.0735045 0.1070445 0.1173866 0.0735045 0.0268917 0.0545964 0.0177685 0.0362527 0.0267871 0.0735045 0.0000000 0.1408077 0.1656768 0.0362160 0.0270503 
XM_003783357_2_PREDICTED_Otolemur_garnettii_BTG_anti_proliferation_factor_1_BTG1_mRNA                          0.1390669 0.0549873 0.1278224 0.1505506 0.1397933 0.1284718 0.0849081 0.1284718 0.1382051 0.1278224 0.1397933 0.1397933 0.0647451 0.0743617 0.1613970 0.1070445 0.1613970 0.1179707 0.1408077 0.1284718 0.1613970 0.1408077 0.0000000 0.0552735 0.1406781 0.1300538 
XM_053582943_1_PREDICTED_Nycticebus_coucang_BTG_anti_proliferation_factor_1_BTG1_mRNA                          0.1635039 0.1161108 0.1736350 0.1756130 0.1644175 0.1524826 0.1497272 0.1524826 0.1624260 0.1516594 0.1644175 0.1644175 0.1054025 0.1155483 0.1868988 0.1300538 0.1868988 0.1415564 0.1656768 0.1524826 0.1868988 0.1656768 0.0552735 0.0000000 0.1655281 0.1544740 
XM_011933701_1_PREDICTED_Colobus_angolensis_palliatus_B_cell_translocation_gene_1_anti_proliferative_BTG1_mRNA 0.0358584 0.1178594 0.0639447 0.0452276 0.0178181 0.0088301 0.1522062 0.0267599 0.0742177 0.0452276 0.0360011 0.0734341 0.1069423 0.1172764 0.0734341 0.0268643 0.0545427 0.0177502 0.0362160 0.0267599 0.0734341 0.0362160 0.1406781 0.1655281 0.0000000 0.0270226 
XM_023223561_1_PREDICTED_Piliocolobus_tephrosceles_BTG_anti_proliferation_factor_1_BTG1_mRNA                   0.0267871 0.1075660 0.0545964 0.0360374 0.0268917 0.0177685 0.1414255 0.0177685 0.0646803 0.0360374 0.0268917 0.0640070 0.0967987 0.1070445 0.0640070 0.0178364 0.0452727 0.0088392 0.0270503 0.0177685 0.0640070 0.0270503 0.1300538 0.1544740 0.0270226 0.0000000 
