35
NM_173527_3_Homo_sapiens_RRAD_and_GEM_like_GTPase_2_REM2_mRNA                                                 0.0000000 0.0049299 0.0069164 0.2819044 0.0334720 0.0344699 0.0324182 0.0303510 0.0334488 0.0313887 0.0313887 0.0313887 0.0293579 0.0304006 0.0303913 0.0355558 0.0159442 0.0189742 0.0221180 0.0200821 0.0190222 0.0505946 0.0463196 0.0464040 0.0452857 0.0476608 0.1050475 0.1013743 0.1080954 0.0858845 0.0870567 0.0825109 0.0823593 0.0919192 0.4702944 
XM_009427474_5_PREDICTED_Pan_troglodytes_RRAD_and_GEM_like_GTPase_2_REM2_transcript_variant_X1_mRNA           0.0049299 0.0000000 0.0118698 0.2736082 0.0366050 0.0376037 0.0355448 0.0334683 0.0365795 0.0345111 0.0345111 0.0345111 0.0324748 0.0335232 0.0335129 0.0386987 0.0189794 0.0220245 0.0251968 0.0231516 0.0220801 0.0538269 0.0495316 0.0474639 0.0484939 0.0508969 0.1074481 0.1000116 0.1091073 0.0845851 0.0857519 0.0835235 0.0833702 0.0929342 0.4773223 
XM_055362376_2_PREDICTED_Gorilla_gorilla_gorilla_RRAD_and_GEM_like_GTPase_2_REM2_transcript_variant_X1_mRNA   0.0069164 0.0118698 0.0000000 0.2909853 0.0366039 0.0376026 0.0355437 0.0334673 0.0365784 0.0345101 0.0345101 0.0345101 0.0324739 0.0335222 0.0335119 0.0386975 0.0189790 0.0220240 0.0262308 0.0241822 0.0220795 0.0538250 0.0495299 0.0496194 0.0484923 0.0508951 0.1087114 0.1061615 0.1140751 0.0904892 0.0905114 0.0825134 0.0823618 0.0942720 0.4775955 
XM_008960213_4_PREDICTED_Pan_paniscus_RRAD_and_GEM_like_GTPase_2_REM2_transcript_variant_X1_mRNA              0.2819044 0.2736082 0.2909853 0.0000000 0.3163707 0.3140709 0.3108077 0.3110485 0.3142793 0.3110485 0.3091968 0.3128112 0.3050498 0.3068536 0.3051072 0.3180902 0.2944204 0.2954084 0.3026971 0.2951156 0.2950124 0.3386243 0.3384874 0.3314476 0.3353815 0.3404423 0.4470539 0.3844268 0.4024522 0.3723372 0.3844502 0.3774991 0.3676082 0.3935017 0.5350403 
XM_050796554_1_PREDICTED_Macaca_thibetana_thibetana_RRAD_and_GEM_like_GTPase_2_REM2_mRNA                      0.0334720 0.0366050 0.0366039 0.3163707 0.0000000 0.0069083 0.0049308 0.0029546 0.0059201 0.0039426 0.0039426 0.0039426 0.0129442 0.0119423 0.0119388 0.0099184 0.0303878 0.0334997 0.0345266 0.0324541 0.0303047 0.0526578 0.0440929 0.0441728 0.0430630 0.0507827 0.0893087 0.0965439 0.0985806 0.0834969 0.0788197 0.0777185 0.0809359 0.0857917 0.4628290 
XM_001100692_4_PREDICTED_Macaca_mulatta_RRAD_and_GEM_like_GTPase_2_REM2_mRNA                                  0.0344699 0.0376037 0.0376026 0.3140709 0.0069083 0.0000000 0.0059144 0.0039377 0.0069037 0.0049261 0.0049261 0.0049261 0.0139336 0.0129316 0.0129278 0.0109053 0.0293164 0.0324197 0.0334442 0.0313772 0.0292364 0.0536635 0.0472188 0.0473034 0.0461867 0.0517942 0.0903494 0.0975747 0.1007805 0.0845221 0.0822399 0.0811346 0.0832486 0.0904249 0.4619924 
XM_003901565_5_PREDICTED_Papio_anubis_RRAD_and_GEM_like_GTPase_2_REM2_mRNA                                    0.0324182 0.0355448 0.0355437 0.3108077 0.0049308 0.0059144 0.0000000 0.0019674 0.0049276 0.0029535 0.0009827 0.0029535 0.0119342 0.0109340 0.0109308 0.0089159 0.0283126 0.0324450 0.0334703 0.0314017 0.0292591 0.0537066 0.0451319 0.0452137 0.0441017 0.0496847 0.0881048 0.0976580 0.1008666 0.0845930 0.0823093 0.0812021 0.0833183 0.0882058 0.4601788 
XM_005560816_4_PREDICTED_Macaca_fascicularis_RRAD_and_GEM_like_GTPase_2_REM2_transcript_variant_X1_mRNA       0.0303510 0.0334683 0.0334673 0.3110485 0.0029546 0.0039377 0.0019674 0.0000000 0.0029526 0.0009832 0.0009832 0.0009832 0.0099319 0.0089341 0.0089315 0.0069254 0.0272788 0.0303761 0.0313992 0.0293360 0.0272045 0.0515700 0.0430218 0.0430996 0.0419931 0.0475491 0.0858053 0.0953511 0.0985564 0.0823344 0.0800577 0.0789536 0.0810672 0.0859319 0.4557753 
XM_011772352_3_PREDICTED_Macaca_nemestrina_RRAD_and_GEM_like_GTPase_2_LOC105499627_mRNA                       0.0334488 0.0365795 0.0365784 0.3142793 0.0059201 0.0069037 0.0049276 0.0029526 0.0000000 0.0039400 0.0039400 0.0039400 0.0129355 0.0119342 0.0119307 0.0079175 0.0303668 0.0334765 0.0345027 0.0324317 0.0302838 0.0526204 0.0440619 0.0441416 0.0430328 0.0486003 0.0892421 0.0964334 0.0973166 0.0857103 0.0834234 0.0823154 0.0844321 0.0870388 0.4599168 
XM_011990630_1_PREDICTED_Mandrillus_leucophaeus_RAS_RAD_and_GEM_like_GTP_binding_2_REM2_mRNA                  0.0313887 0.0345111 0.0345101 0.3110485 0.0039426 0.0049261 0.0029535 0.0009832 0.0039400 0.0000000 0.0019680 0.0019680 0.0109340 0.0099349 0.0099319 0.0079211 0.0283126 0.0314147 0.0324391 0.0303728 0.0261702 0.0504857 0.0419539 0.0420297 0.0409264 0.0464667 0.0869692 0.0965203 0.0997278 0.0834769 0.0811958 0.0800906 0.0822057 0.0870828 0.4557753 
XM_025392475_1_PREDICTED_Theropithecus_gelada_RRAD_and_GEM_like_GTPase_2_REM2_mRNA                            0.0313887 0.0345111 0.0345101 0.3091968 0.0039426 0.0049261 0.0009827 0.0009832 0.0039400 0.0019680 0.0000000 0.0019680 0.0109340 0.0099349 0.0099319 0.0079211 0.0283126 0.0314147 0.0324391 0.0303728 0.0282354 0.0526459 0.0440831 0.0441629 0.0430534 0.0486239 0.0869692 0.0965203 0.0997278 0.0834769 0.0811958 0.0800906 0.0822057 0.0870828 0.4581052 
XM_012088533_1_PREDICTED_Cercocebus_atys_RAS_RAD_and_GEM_like_GTP_binding_2_REM2_mRNA                         0.0313887 0.0345111 0.0345101 0.3128112 0.0039426 0.0049261 0.0029535 0.0009832 0.0039400 0.0019680 0.0019680 0.0000000 0.0109340 0.0099349 0.0099319 0.0079211 0.0283126 0.0314147 0.0324391 0.0303728 0.0282354 0.0526459 0.0440831 0.0441629 0.0430534 0.0486239 0.0869692 0.0965203 0.0997278 0.0834769 0.0811958 0.0800906 0.0822057 0.0870828 0.4581052 
XM_010378358_2_PREDICTED_Rhinopithecus_roxellana_RRAD_and_GEM_like_GTPase_2_REM2_mRNA                         0.0293579 0.0324748 0.0324739 0.3050498 0.0129442 0.0139336 0.0119342 0.0099319 0.0129355 0.0109340 0.0109340 0.0109340 0.0000000 0.0009830 0.0029535 0.0149584 0.0283502 0.0314565 0.0324823 0.0304132 0.0282728 0.0516400 0.0441426 0.0442226 0.0431116 0.0508587 0.0810349 0.0989894 0.1045469 0.0858748 0.0835833 0.0813579 0.0823216 0.0895025 0.4441910 
XM_017864286_1_PREDICTED_Rhinopithecus_bieti_RRAD_and_GEM_like_GTPase_2_REM2_mRNA                             0.0304006 0.0335232 0.0335222 0.3068536 0.0119423 0.0129316 0.0109340 0.0089341 0.0119342 0.0099349 0.0099349 0.0099349 0.0009830 0.0000000 0.0019680 0.0139540 0.0273234 0.0304258 0.0314506 0.0293840 0.0272488 0.0505804 0.0430933 0.0431713 0.0420629 0.0497944 0.0799098 0.0978481 0.1034016 0.0847554 0.0824665 0.0813579 0.0812082 0.0883759 0.4421479 
XM_033188604_1_PREDICTED_Trachypithecus_francoisi_RRAD_and_GEM_like_GTPase_2_REM2_mRNA                        0.0303913 0.0335129 0.0335119 0.3051072 0.0119388 0.0129278 0.0109308 0.0089315 0.0119307 0.0099319 0.0099319 0.0099319 0.0029535 0.0019680 0.0000000 0.0139498 0.0273150 0.0304165 0.0314410 0.0293750 0.0272405 0.0505644 0.0430798 0.0431578 0.0420497 0.0497785 0.0798827 0.0978145 0.1033659 0.0847268 0.0824384 0.0813306 0.0811807 0.0883460 0.4446090 
XM_007990787_3_PREDICTED_Chlorocebus_sabaeus_RRAD_and_GEM_like_GTPase_2_REM2_mRNA                             0.0355558 0.0386987 0.0386975 0.3180902 0.0099184 0.0109053 0.0089159 0.0069254 0.0079175 0.0079211 0.0079211 0.0079211 0.0149584 0.0139540 0.0139498 0.0000000 0.0324640 0.0355853 0.0355788 0.0335028 0.0313470 0.0548092 0.0462158 0.0462999 0.0451844 0.0507845 0.0893130 0.0976983 0.0985806 0.0880623 0.0857660 0.0846542 0.0867751 0.0894011 0.4650886 
XM_002824566_5_PREDICTED_Pongo_abelii_RRAD_and_GEM_like_GTPase_2_REM2_mRNA                                    0.0159442 0.0189794 0.0189790 0.2944204 0.0303878 0.0293164 0.0283126 0.0272788 0.0303668 0.0283126 0.0283126 0.0283126 0.0283502 0.0273234 0.0273150 0.0324640 0.0000000 0.0049344 0.0211303 0.0190937 0.0170166 0.0506652 0.0442236 0.0443039 0.0431906 0.0477107 0.1039574 0.1014853 0.1047097 0.0860071 0.0837111 0.0802963 0.0790375 0.0885467 0.4691274 
XM_054448863_2_PREDICTED_Pongo_pygmaeus_RRAD_and_GEM_like_GTPase_2_REM2_mRNA                                  0.0189742 0.0220245 0.0220240 0.2954084 0.0334997 0.0324197 0.0324450 0.0303761 0.0334765 0.0314147 0.0314147 0.0314147 0.0314565 0.0304258 0.0304165 0.0355853 0.0049344 0.0000000 0.0242022 0.0221564 0.0200627 0.0528228 0.0474137 0.0475002 0.0463783 0.0509360 0.1051409 0.1026509 0.1082334 0.0894386 0.0871322 0.0837004 0.0824305 0.0908364 0.4677096 
XM_003260595_2_PREDICTED_Nomascus_leucogenys_RRAD_and_GEM_like_GTPase_2_REM2_mRNA                             0.0221180 0.0251968 0.0262308 0.3026971 0.0345266 0.0334442 0.0334703 0.0313992 0.0345027 0.0324391 0.0324391 0.0324391 0.0324823 0.0314506 0.0314410 0.0355788 0.0211303 0.0242022 0.0000000 0.0059389 0.0059349 0.0516623 0.0516789 0.0517734 0.0506401 0.0530612 0.1086605 0.1023781 0.1079454 0.0870501 0.0870713 0.0836418 0.0823729 0.0872948 0.4818919 
XM_055291876_2_PREDICTED_Symphalangus_syndactylus_RRAD_and_GEM_like_GTPase_2_REM2_mRNA                        0.0200821 0.0231516 0.0241822 0.2951156 0.0324541 0.0313772 0.0314017 0.0293360 0.0324317 0.0303728 0.0303728 0.0303728 0.0304132 0.0293840 0.0293750 0.0335028 0.0190937 0.0221564 0.0059389 0.0000000 0.0039517 0.0505418 0.0484029 0.0484902 0.0473674 0.0497579 0.1075234 0.0998949 0.1068280 0.0869598 0.0846655 0.0814047 0.0788448 0.0836058 0.4729692 
XM_032179928_2_PREDICTED_Hylobates_moloch_RRAD_and_GEM_like_GTPase_2_REM2_mRNA                                0.0190222 0.0220801 0.0220795 0.2950124 0.0303047 0.0292364 0.0292591 0.0272045 0.0302838 0.0261702 0.0282354 0.0282354 0.0282728 0.0272488 0.0272405 0.0313470 0.0170166 0.0200627 0.0059349 0.0039517 0.0000000 0.0483531 0.0462225 0.0463066 0.0451909 0.0475603 0.1060675 0.0986594 0.1041975 0.0857574 0.0834693 0.0800642 0.0788095 0.0836823 0.4732283 
XM_035260095_2_PREDICTED_Callithrix_jacchus_RRAD_and_GEM_like_GTPase_2_REM2_transcript_variant_X1_mRNA        0.0505946 0.0538269 0.0538250 0.3386243 0.0526578 0.0536635 0.0537066 0.0515700 0.0526204 0.0504857 0.0526459 0.0526459 0.0516400 0.0505804 0.0505644 0.0548092 0.0506652 0.0528228 0.0516623 0.0505418 0.0483531 0.0000000 0.0250081 0.0250519 0.0229860 0.0302915 0.1258633 0.1081814 0.1141521 0.0916903 0.0893776 0.0905908 0.0902574 0.0999791 0.5210707 
XM_064374774_1_PREDICTED_Aotus_nancymaae_RRAD_and_GEM_like_GTPase_2_REM2_mRNA                                 0.0463196 0.0495316 0.0495299 0.3384874 0.0440929 0.0472188 0.0451319 0.0430218 0.0440619 0.0419539 0.0440831 0.0440831 0.0441426 0.0430933 0.0430798 0.0462158 0.0442236 0.0474137 0.0516789 0.0484029 0.0462225 0.0250081 0.0000000 0.0118954 0.0108841 0.0230911 0.1123613 0.1034705 0.1105939 0.0905458 0.0871134 0.0859973 0.0881583 0.0929682 0.5076543 
XM_032265550_1_PREDICTED_Sapajus_apella_RRAD_and_GEM_like_GTPase_2_REM2_transcript_variant_X1_mRNA            0.0464040 0.0474639 0.0496194 0.3314476 0.0441728 0.0473034 0.0452137 0.0430996 0.0441416 0.0420297 0.0441629 0.0441629 0.0442226 0.0431713 0.0431578 0.0462999 0.0443039 0.0475002 0.0517734 0.0484902 0.0463066 0.0250519 0.0118954 0.0000000 0.0049229 0.0231316 0.1150255 0.0976245 0.1070838 0.0872599 0.0838366 0.0850393 0.0872036 0.0920152 0.5133139 
XM_017544499_2_PREDICTED_Cebus_imitator_RRAD_and_GEM_like_GTPase_2_REM2_transcript_variant_X1_mRNA            0.0452857 0.0484939 0.0484923 0.3353815 0.0430630 0.0461867 0.0441017 0.0419931 0.0430328 0.0409264 0.0430534 0.0430534 0.0431116 0.0420629 0.0420497 0.0451844 0.0431906 0.0463783 0.0506401 0.0473674 0.0451909 0.0229860 0.0108841 0.0049229 0.0000000 0.0220846 0.1137109 0.1000345 0.1047320 0.0883341 0.0849085 0.0837942 0.0848045 0.0907486 0.5136691 
XM_003924335_4_PREDICTED_Saimiri_boliviensis_RRAD_and_GEM_like_GTPase_2_REM2_transcript_variant_X1_mRNA       0.0476608 0.0508969 0.0508951 0.3404423 0.0507827 0.0517942 0.0496847 0.0475491 0.0486003 0.0464667 0.0486239 0.0486239 0.0508587 0.0497944 0.0497785 0.0507845 0.0477107 0.0509360 0.0530612 0.0497579 0.0475603 0.0302915 0.0230911 0.0231316 0.0220846 0.0000000 0.1253976 0.1112600 0.1209679 0.1004904 0.0946203 0.0912024 0.0933858 0.1017707 0.5198199 
XM_023230440_1_PREDICTED_Piliocolobus_tephrosceles_RRAD_and_GEM_like_GTPase_2_REM2_transcript_variant_X1_mRNA 0.1050475 0.1074481 0.1087114 0.4470539 0.0893087 0.0903494 0.0881048 0.0858053 0.0892421 0.0869692 0.0869692 0.0869692 0.0810349 0.0799098 0.0798827 0.0893130 0.1039574 0.1051409 0.1086605 0.1075234 0.1060675 0.1258633 0.1123613 0.1150255 0.1137109 0.1253976 0.0000000 0.1757861 0.1859304 0.1620843 0.1604679 0.1581774 0.1578585 0.1674948 0.6447014 
XM_003801909_3_PREDICTED_Otolemur_garnettii_RRAD_and_GEM_like_GTPase_2_REM2_mRNA                              0.1013743 0.1000116 0.1061615 0.3844268 0.0965439 0.0975747 0.0976580 0.0953511 0.0964334 0.0965203 0.0965203 0.0965203 0.0989894 0.0978481 0.0978145 0.0976983 0.1014853 0.1026509 0.1023781 0.0998949 0.0986594 0.1081814 0.1034705 0.0976245 0.1000345 0.1112600 0.1757861 0.0000000 0.0365453 0.0708967 0.0640062 0.0721030 0.0763338 0.1040192 0.5716047 
XM_053595668_1_PREDICTED_Nycticebus_coucang_RRAD_and_GEM_like_GTPase_2_REM2_transcript_variant_X1_mRNA        0.1080954 0.1091073 0.1140751 0.4024522 0.0985806 0.1007805 0.1008666 0.0985564 0.0973166 0.0997278 0.0997278 0.0997278 0.1045469 0.1034016 0.1033659 0.0985806 0.1047097 0.1082334 0.1079454 0.1068280 0.1041975 0.1141521 0.1105939 0.1070838 0.1047320 0.1209679 0.1859304 0.0365453 0.0000000 0.0753021 0.0717029 0.0717618 0.0749900 0.1064176 0.5826745 
XM_012649447_1_PREDICTED_Propithecus_coquereli_RAS_RAD_and_GEM_like_GTP_binding_2_REM2_mRNA                   0.0858845 0.0845851 0.0904892 0.3723372 0.0834969 0.0845221 0.0845930 0.0823344 0.0857103 0.0834769 0.0834769 0.0834769 0.0858748 0.0847554 0.0847268 0.0880623 0.0860071 0.0894386 0.0870501 0.0869598 0.0857574 0.0916903 0.0905458 0.0872599 0.0883341 0.1004904 0.1620843 0.0708967 0.0753021 0.0000000 0.0378961 0.0379813 0.0442200 0.0814670 0.5608582 
XM_012752689_1_PREDICTED_Microcebus_murinus_RRAD_and_GEM_like_GTPase_2_REM2_transcript_variant_X1_mRNA        0.0870567 0.0857519 0.0905114 0.3844502 0.0788197 0.0822399 0.0823093 0.0800577 0.0834234 0.0811958 0.0811958 0.0811958 0.0835833 0.0824665 0.0824384 0.0857660 0.0837111 0.0871322 0.0870713 0.0846655 0.0834693 0.0893776 0.0871134 0.0838366 0.0849085 0.0946203 0.1604679 0.0640062 0.0717029 0.0378961 0.0000000 0.0368305 0.0419642 0.0779538 0.5507164 
XM_045525960_1_PREDICTED_Lemur_catta_RRAD_and_GEM_like_GTPase_2_REM2_transcript_variant_X1_mRNA               0.0825109 0.0835235 0.0825134 0.3774991 0.0777185 0.0811346 0.0812021 0.0789536 0.0823154 0.0800906 0.0800906 0.0800906 0.0813579 0.0813579 0.0813306 0.0846542 0.0802963 0.0837004 0.0836418 0.0814047 0.0800642 0.0905908 0.0859973 0.0850393 0.0837942 0.0912024 0.1581774 0.0721030 0.0717618 0.0379813 0.0368305 0.0000000 0.0149827 0.0791918 0.5609662 
XM_069463304_1_PREDICTED_Eulemur_rufifrons_RRAD_and_GEM_like_GTPase_2_REM2_mRNA                               0.0823593 0.0833702 0.0823618 0.3676082 0.0809359 0.0832486 0.0833183 0.0810672 0.0844321 0.0822057 0.0822057 0.0822057 0.0823216 0.0812082 0.0811807 0.0867751 0.0790375 0.0824305 0.0823729 0.0788448 0.0788095 0.0902574 0.0881583 0.0872036 0.0848045 0.0933858 0.1578585 0.0763338 0.0749900 0.0442200 0.0419642 0.0149827 0.0000000 0.0823354 0.5615156 
XM_008065271_2_PREDICTED_Carlito_syrichta_RRAD_and_GEM_like_GTPase_2_REM2_mRNA                                0.0919192 0.0929342 0.0942720 0.3935017 0.0857917 0.0904249 0.0882058 0.0859319 0.0870388 0.0870828 0.0870828 0.0870828 0.0895025 0.0883759 0.0883460 0.0894011 0.0885467 0.0908364 0.0872948 0.0836058 0.0836823 0.0999791 0.0929682 0.0920152 0.0907486 0.1017707 0.1674948 0.1040192 0.1064176 0.0814670 0.0779538 0.0791918 0.0823354 0.0000000 0.5537093 
XM_011930962_1_PREDICTED_Colobus_angolensis_palliatus_RAS_RAD_and_GEM_like_GTP_binding_2_REM2_mRNA            0.4702944 0.4773223 0.4775955 0.5350403 0.4628290 0.4619924 0.4601788 0.4557753 0.4599168 0.4557753 0.4581052 0.4581052 0.4441910 0.4421479 0.4446090 0.4650886 0.4691274 0.4677096 0.4818919 0.4729692 0.4732283 0.5210707 0.5076543 0.5133139 0.5136691 0.5198199 0.6447014 0.5716047 0.5826745 0.5608582 0.5507164 0.5609662 0.5615156 0.5537093 0.0000000 
