31
NM_001371415_1_Homo_sapiens_angiotensin_converting_enzyme_2_ACE2_transcript_variant_1_mRNA                               0.0000000 0.0062757 0.0062835 0.0075460 0.0156890 0.0148118 0.0178960 0.0175055 0.0342486 0.0305648 0.0315238 0.0323952 0.0305570 0.0305965 0.0338398 0.0315419 0.0334311 0.0309468 0.0301452 0.0321672 0.0615884 0.0600517 0.0579900 0.0605063 0.0564411 0.1538811 0.1230405 0.1345924 0.1571647 0.1792067 0.1544778 
XM_016942979_2_PREDICTED_Pan_troglodytes_angiotensin_converting_enzyme_2_ACE2_transcript_variant_X1_mRNA                 0.0062757 0.0000000 0.0016621 0.0088324 0.0170170 0.0161344 0.0183629 0.0179726 0.0356875 0.0319831 0.0329494 0.0338235 0.0319750 0.0320165 0.0342897 0.0319896 0.0348699 0.0323639 0.0315629 0.0342693 0.0631935 0.0606547 0.0585856 0.0621024 0.0580115 0.1573534 0.1235899 0.1366588 0.1587771 0.1814972 0.1534752 
XM_008974180_2_PREDICTED_Pan_paniscus_angiotensin_I_converting_enzyme_2_ACE2_transcript_variant_X1_mRNA                  0.0062835 0.0016621 0.0000000 0.0088433 0.0170382 0.0161545 0.0183860 0.0179951 0.0357338 0.0320244 0.0329920 0.0329511 0.0320162 0.0320578 0.0343340 0.0320308 0.0349153 0.0324056 0.0316037 0.0337651 0.0632788 0.0617303 0.0596517 0.0621870 0.0580898 0.1576026 0.1237793 0.1356791 0.1590290 0.1817943 0.1537173 
XM_019019204_1_PREDICTED_Gorilla_gorilla_gorilla_angiotensin_I_converting_enzyme_2_ACE2_mRNA                             0.0075460 0.0088324 0.0088433 0.0000000 0.0174592 0.0165749 0.0179331 0.0184176 0.0352418 0.0315403 0.0325053 0.0333793 0.0315323 0.0315732 0.0348327 0.0325240 0.0344235 0.0319219 0.0311200 0.0337742 0.0642559 0.0627026 0.0606186 0.0631606 0.0580687 0.1541126 0.1249269 0.1366543 0.1558421 0.1783499 0.1510095 
NM_001131132_2_Pongo_abelii_angiotensin_converting_enzyme_2_ACE2_mRNA                                                    0.0156890 0.0170170 0.0170382 0.0174592 0.0000000 0.0016621 0.0170124 0.0179276 0.0328522 0.0291849 0.0301379 0.0310074 0.0291775 0.0296516 0.0324431 0.0301551 0.0338942 0.0300371 0.0287656 0.0311108 0.0625251 0.0619723 0.0598994 0.0624307 0.0578601 0.1541760 0.1235199 0.1343958 0.1577441 0.1810061 0.1536057 
XM_054471966_1_PREDICTED_Pongo_pygmaeus_angiotensin_converting_enzyme_2_ACE2_transcript_variant_X1_mRNA                  0.0148118 0.0161344 0.0161545 0.0165749 0.0016621 0.0000000 0.0161300 0.0170403 0.0319115 0.0282568 0.0292053 0.0300732 0.0282496 0.0287215 0.0315024 0.0292219 0.0329468 0.0291079 0.0278378 0.0300710 0.0614759 0.0609258 0.0588613 0.0613832 0.0568300 0.1527531 0.1222064 0.1330662 0.1563105 0.1794714 0.1521904 
XM_003261084_3_PREDICTED_Nomascus_leucogenys_angiotensin_I_converting_enzyme_2_ACE2_mRNA                                 0.0178960 0.0183629 0.0183860 0.0179331 0.0170124 0.0161300 0.0000000 0.0075495 0.0350754 0.0313924 0.0323523 0.0327847 0.0313844 0.0318619 0.0346680 0.0323709 0.0361295 0.0322439 0.0309739 0.0330857 0.0614220 0.0608723 0.0588097 0.0593017 0.0558066 0.1533219 0.1234037 0.1319257 0.1543956 0.1787610 0.1516572 
XM_032756617_1_PREDICTED_Hylobates_moloch_angiotensin_I_converting_enzyme_2_ACE2_mRNA                                    0.0175055 0.0179726 0.0179951 0.0184176 0.0179276 0.0170403 0.0075495 0.0000000 0.0351673 0.0314741 0.0324368 0.0328703 0.0314661 0.0319449 0.0347589 0.0324554 0.0357647 0.0323278 0.0310546 0.0331819 0.0620857 0.0605427 0.0584779 0.0589708 0.0564423 0.1563189 0.1232165 0.1347010 0.1548916 0.1800356 0.1540193 
NM_001135696_1_Macaca_mulatta_angiotensin_converting_enzyme_2_ACE2_mRNA                                                  0.0342486 0.0356875 0.0357338 0.0352418 0.0328522 0.0319115 0.0350754 0.0351673 0.0000000 0.0033337 0.0041780 0.0041730 0.0058562 0.0075567 0.0092667 0.0084116 0.0127326 0.0135214 0.0131285 0.0131756 0.0653102 0.0616628 0.0595867 0.0607344 0.0600979 0.1606553 0.1244180 0.1393229 0.1607626 0.1849338 0.1553413 
XM_011735203_2_PREDICTED_Macaca_nemestrina_angiotensin_I_converting_enzyme_2_ACE2_transcript_variant_X1_mRNA             0.0305648 0.0319831 0.0320244 0.0315403 0.0291849 0.0282568 0.0313924 0.0314741 0.0033337 0.0000000 0.0008311 0.0016621 0.0024964 0.0041757 0.0058654 0.0050199 0.0092858 0.0109391 0.0096879 0.0098275 0.0627025 0.0590894 0.0570327 0.0581652 0.0565596 0.1566304 0.1207095 0.1355443 0.1567508 0.1806688 0.1519119 
XM_050777627_1_PREDICTED_Macaca_thibetana_thibetana_angiotensin_converting_enzyme_2_ACE2_transcript_variant_X1_mRNA      0.0315238 0.0329494 0.0329920 0.0325053 0.0301379 0.0292053 0.0323523 0.0324368 0.0041780 0.0008311 0.0000000 0.0024997 0.0033372 0.0050239 0.0067208 0.0058719 0.0101566 0.0118114 0.0105579 0.0107948 0.0638082 0.0601777 0.0581108 0.0592508 0.0576360 0.1582209 0.1221278 0.1370094 0.1583360 0.1823877 0.1534691 
XM_005593037_3_PREDICTED_Macaca_fascicularis_angiotensin_converting_enzyme_2_ACE2_mRNA                                   0.0323952 0.0338235 0.0329511 0.0333793 0.0310074 0.0300732 0.0327847 0.0328703 0.0041730 0.0016621 0.0024997 0.0000000 0.0041711 0.0058607 0.0075601 0.0067101 0.0110030 0.0126539 0.0114015 0.0117323 0.0642578 0.0606245 0.0585565 0.0596979 0.0580818 0.1579481 0.1207493 0.1344034 0.1580645 0.1820598 0.1539323 
XM_021933040_1_PREDICTED_Papio_anubis_angiotensin_I_converting_enzyme_2_ACE2_transcript_variant_X1_mRNA                  0.0305570 0.0319750 0.0320162 0.0315323 0.0291775 0.0282496 0.0313844 0.0314661 0.0058562 0.0024964 0.0033372 0.0041711 0.0000000 0.0024973 0.0058687 0.0050228 0.0097056 0.0109364 0.0096855 0.0093519 0.0631481 0.0595321 0.0574743 0.0595911 0.0570012 0.1578362 0.1218451 0.1346575 0.1579647 0.1819432 0.1518659 
XM_025372062_1_PREDICTED_Theropithecus_gelada_angiotensin_I_converting_enzyme_2_ACE2_mRNA                                0.0305965 0.0320165 0.0320578 0.0315732 0.0296516 0.0287215 0.0318619 0.0319449 0.0075567 0.0041757 0.0050239 0.0058607 0.0024973 0.0000000 0.0050242 0.0041806 0.0097121 0.0117982 0.0105461 0.0103070 0.0636975 0.0600729 0.0580101 0.0601325 0.0565564 0.1580936 0.1207069 0.1341873 0.1568533 0.1797858 0.1513892 
XM_011995533_1_PREDICTED_Mandrillus_leucophaeus_angiotensin_I_converting_enzyme_2_ACE2_mRNA                              0.0338398 0.0342897 0.0343340 0.0348327 0.0324431 0.0315024 0.0346680 0.0347589 0.0092667 0.0058654 0.0067208 0.0075601 0.0058687 0.0050242 0.0000000 0.0033319 0.0114335 0.0144017 0.0127156 0.0117599 0.0658403 0.0616526 0.0595767 0.0622476 0.0596284 0.1602280 0.1217691 0.1376967 0.1610718 0.1824515 0.1555402 
XM_012035808_1_PREDICTED_Cercocebus_atys_angiotensin_I_converting_enzyme_2_ACE2_transcript_variant_X1_mRNA               0.0315419 0.0319896 0.0320308 0.0325240 0.0301551 0.0292219 0.0323709 0.0324554 0.0084116 0.0050199 0.0058719 0.0067101 0.0050228 0.0041806 0.0033319 0.0000000 0.0105706 0.0126745 0.0109916 0.0108013 0.0648088 0.0606357 0.0585670 0.0612274 0.0586178 0.1601125 0.1216877 0.1376036 0.1597136 0.1810193 0.1554461 
XM_007991113_2_PREDICTED_Chlorocebus_sabaeus_angiotensin_I_converting_enzyme_2_ACE2_transcript_variant_X1_mRNA           0.0334311 0.0348699 0.0349153 0.0344235 0.0338942 0.0329468 0.0361295 0.0357647 0.0127326 0.0092858 0.0101566 0.0110030 0.0097056 0.0097121 0.0114335 0.0105706 0.0000000 0.0152718 0.0144675 0.0141807 0.0650045 0.0628032 0.0607151 0.0634029 0.0602707 0.1555709 0.1242448 0.1390935 0.1607102 0.1794387 0.1536573 
XM_023199053_2_PREDICTED_Piliocolobus_tephrosceles_angiotensin_I_converting_enzyme_2_ACE2_mRNA                           0.0309468 0.0323639 0.0324056 0.0319219 0.0300371 0.0291079 0.0322439 0.0323278 0.0135214 0.0109391 0.0118114 0.0126539 0.0109364 0.0117982 0.0144017 0.0126745 0.0152718 0.0000000 0.0096794 0.0084000 0.0630447 0.0594354 0.0573814 0.0594941 0.0569091 0.1558148 0.1223312 0.1364988 0.1553464 0.1778478 0.1508543 
XM_010366065_2_PREDICTED_Rhinopithecus_roxellana_angiotensin_I_converting_enzyme_2_ACE2_mRNA                             0.0301452 0.0315629 0.0316037 0.0311200 0.0287656 0.0278378 0.0309739 0.0310546 0.0131285 0.0096879 0.0105579 0.0114015 0.0096855 0.0105461 0.0127156 0.0109916 0.0144675 0.0096794 0.0000000 0.0027789 0.0632987 0.0596740 0.0576107 0.0607240 0.0571364 0.1552672 0.1230512 0.1368189 0.1553919 0.1779054 0.1526190 
XM_017888580_1_PREDICTED_Rhinopithecus_bieti_angiotensin_I_converting_enzyme_2_ACE2_transcript_variant_X1_mRNA           0.0321672 0.0342693 0.0337651 0.0337742 0.0311108 0.0300710 0.0330857 0.0331819 0.0131756 0.0098275 0.0107948 0.0117323 0.0093519 0.0103070 0.0117599 0.0108013 0.0141807 0.0084000 0.0027789 0.0000000 0.0608407 0.0574013 0.0545917 0.0585185 0.0551286 0.1516675 0.1203920 0.1348259 0.1552460 0.1763259 0.1460552 
XM_008988993_4_PREDICTED_Callithrix_jacchus_angiotensin_converting_enzyme_2_ACE2_mRNA                                    0.0615884 0.0631935 0.0632788 0.0642559 0.0625251 0.0614759 0.0614220 0.0620857 0.0653102 0.0627025 0.0638082 0.0642578 0.0631481 0.0636975 0.0658403 0.0648088 0.0650045 0.0630447 0.0632987 0.0608407 0.0000000 0.0246464 0.0223877 0.0241866 0.0255318 0.1646367 0.1360199 0.1470582 0.1662136 0.1867360 0.1594405 
XM_017512376_2_PREDICTED_Cebus_imitator_angiotensin_I_converting_enzyme_2_ACE2_transcript_variant_X1_mRNA                0.0600517 0.0606547 0.0617303 0.0627026 0.0619723 0.0609258 0.0608723 0.0605427 0.0616628 0.0590894 0.0601777 0.0606245 0.0595321 0.0600729 0.0616526 0.0606357 0.0628032 0.0594354 0.0596740 0.0574013 0.0246464 0.0000000 0.0050258 0.0228327 0.0196909 0.1686380 0.1350983 0.1455597 0.1705585 0.1865354 0.1605551 
XM_032285963_1_PREDICTED_Sapajus_apella_angiotensin_I_converting_enzyme_2_ACE2_transcript_variant_X1_mRNA                0.0579900 0.0585856 0.0596517 0.0606186 0.0598994 0.0588613 0.0588097 0.0584779 0.0595867 0.0570327 0.0581108 0.0585565 0.0574743 0.0580101 0.0595767 0.0585670 0.0607151 0.0573814 0.0576107 0.0545917 0.0223877 0.0050258 0.0000000 0.0210312 0.0187857 0.1650835 0.1318094 0.1428562 0.1657150 0.1814703 0.1577277 
XM_012434682_2_PREDICTED_Aotus_nancymaae_angiotensin_I_converting_enzyme_2_ACE2_mRNA                                     0.0605063 0.0621024 0.0621870 0.0631606 0.0624307 0.0613832 0.0593017 0.0589708 0.0607344 0.0581652 0.0592508 0.0596979 0.0595911 0.0601325 0.0622476 0.0612274 0.0634029 0.0594941 0.0607240 0.0585185 0.0241866 0.0228327 0.0210312 0.0000000 0.0210569 0.1649699 0.1335242 0.1451369 0.1683014 0.1856945 0.1636580 
XM_010336623_2_PREDICTED_Saimiri_boliviensis_boliviensis_angiotensin_converting_enzyme_2_ACE2_transcript_variant_X1_mRNA 0.0564411 0.0580115 0.0580898 0.0580687 0.0578601 0.0568300 0.0558066 0.0564423 0.0600979 0.0565596 0.0576360 0.0580818 0.0570012 0.0565564 0.0596284 0.0586178 0.0602707 0.0569091 0.0571364 0.0551286 0.0255318 0.0196909 0.0187857 0.0210569 0.0000000 0.1659676 0.1343321 0.1422776 0.1599913 0.1795798 0.1552664 
XM_020285237_1_PREDICTED_Microcebus_murinus_angiotensin_I_converting_enzyme_2_ACE2_mRNA                                  0.1538811 0.1573534 0.1576026 0.1541126 0.1541760 0.1527531 0.1533219 0.1563189 0.1606553 0.1566304 0.1582209 0.1579481 0.1578362 0.1580936 0.1602280 0.1601125 0.1555709 0.1558148 0.1552672 0.1516675 0.1646367 0.1686380 0.1650835 0.1649699 0.1659676 0.0000000 0.0650346 0.0705794 0.1351492 0.1536567 0.1873234 
XM_012638731_1_PREDICTED_Propithecus_coquereli_angiotensin_I_converting_enzyme_2_ACE2_transcript_variant_X1_mRNA         0.1230405 0.1235899 0.1237793 0.1249269 0.1235199 0.1222064 0.1234037 0.1232165 0.1244180 0.1207095 0.1221278 0.1207493 0.1218451 0.1207069 0.1217691 0.1216877 0.1242448 0.1223312 0.1230512 0.1203920 0.1360199 0.1350983 0.1318094 0.1335242 0.1343321 0.0650346 0.0000000 0.0471445 0.1029865 0.1183592 0.1598381 
XM_045538336_1_PREDICTED_Lemur_catta_angiotensin_converting_enzyme_2_ACE2_mRNA                                           0.1345924 0.1366588 0.1356791 0.1366543 0.1343958 0.1330662 0.1319257 0.1347010 0.1393229 0.1355443 0.1370094 0.1344034 0.1346575 0.1341873 0.1376967 0.1376036 0.1390935 0.1364988 0.1368189 0.1348259 0.1470582 0.1455597 0.1428562 0.1451369 0.1422776 0.0705794 0.0471445 0.0000000 0.1211350 0.1405201 0.1750903 
XM_053580366_1_PREDICTED_Nycticebus_coucang_angiotensin_converting_enzyme_2_ACE2_mRNA                                    0.1571647 0.1587771 0.1590290 0.1558421 0.1577441 0.1563105 0.1543956 0.1548916 0.1607626 0.1567508 0.1583360 0.1580645 0.1579647 0.1568533 0.1610718 0.1597136 0.1607102 0.1553464 0.1553919 0.1552460 0.1662136 0.1705585 0.1657150 0.1683014 0.1599913 0.1351492 0.1029865 0.1211350 0.0000000 0.0643536 0.1929768 
XM_003791864_2_PREDICTED_Otolemur_garnettii_angiotensin_I_converting_enzyme_2_ACE2_mRNA                                  0.1792067 0.1814972 0.1817943 0.1783499 0.1810061 0.1794714 0.1787610 0.1800356 0.1849338 0.1806688 0.1823877 0.1820598 0.1819432 0.1797858 0.1824515 0.1810193 0.1794387 0.1778478 0.1779054 0.1763259 0.1867360 0.1865354 0.1814703 0.1856945 0.1795798 0.1536567 0.1183592 0.1405201 0.0643536 0.0000000 0.2145261 
XM_008064619_1_PREDICTED_Carlito_syrichta_angiotensin_I_converting_enzyme_2_ACE2_mRNA                                    0.1544778 0.1534752 0.1537173 0.1510095 0.1536057 0.1521904 0.1516572 0.1540193 0.1553413 0.1519119 0.1534691 0.1539323 0.1518659 0.1513892 0.1555402 0.1554461 0.1536573 0.1508543 0.1526190 0.1460552 0.1594405 0.1605551 0.1577277 0.1636580 0.1552664 0.1873234 0.1598381 0.1750903 0.1929768 0.2145261 0.0000000 
